true_momentum,true_costheta
197.02338073648241,0.76506457950389328
1.0843101227662295,-0.64196880674881784
125.49798523274052,0.27072850154297456
95.668036837676794,-0.87830527775977463
8.9138621298155982,0.35279939886941536
6.560540224931187,-0.55163818599911218
34.599657724271964,-0.84397841853179223
43.5492641711174,-0.95823693815860667
6.1948047118227354,-0.037741375870523841
117.81515547345636,0.63828630384908069
72.635369336887265,-0.98743168627697409
32.300260489702076,-0.73278724459771971
18.532041131807858,-0.97889318311127638
45.046403275425575,0.15973989639644182
4.3424661243018718,-0.99530182233150821
32.732195636823164,-0.53523722053178346
20.010642542993281,-0.50403485211449572
46.983129122913127,-0.19670998552336871
1.6221455180746265,-0.83307542182158012
24.888455474790849,-0.29289983296480737
8.038695357181755,-0.82755637974659124
71.272552924973198,-0.8168635563388511
0.87333929303758173,0.80406809919768585
18.584756324058766,0.52753230195455458
112.45803243365116,0.40079407907016518
25.93465589287079,-0.84609157825103098
83.724624654132867,-0.16550691596117217
22.180354511912441,0.52535919146293941
34.600273959474237,-0.39668579973024376
2.0092045043113327,0.69480802417248611
40.232516412398958,-0.17422663326510035
2.9194048853027406,0.86018504112905436
10.192354283943859,-0.19803398950851459
6.3497348142371246,-0.053449840002275151
2.4555521715866724,0.47133839292856416
4.7455919830513009,-0.66865434059841555
8.5976065620563489,0.35820122800049248
19.290794357278248,-0.26425536664046789
63.692256268609782,0.70918240416197009
8.7925982417251962,-0.76293608519326961
41.785762772696181,0.80582732559027859
24.634234366034644,0.64174127940879888
1.4824463147211899,0.86154295083501231
15.458144494179338,-0.10943544298947483
40.474125161135412,0.1849360700385656
171.0403822334967,0.30734787135568498
16.473395435432533,0.81253154922384407
9.3140848204310949,0.84868803666708614
60.617596908627839,-0.81925490819583247
9.4768364428634477,0.78315462689222537
14.697057042490993,-0.51733683756567883
10.09842896609169,-0.6056519048859712
72.108709786482336,-0.85748063540999397
4.5199788458928341,-0.046966030622998201
31.440362672255862,-0.31668551424894176
180.67732262545678,0.36765219841249008
59.269368197370667,0.92936012561080772
117.00184076259077,-0.9618310122729925
50.106789731836223,-0.31341642221941979
38.533642566224216,0.79089224081189191
12.069241830598854,0.46491552768970146
7.6353835475971561,0.81788553632944594
39.389258625382034,-0.27646159536613268
13.518109460655342,0.21307519711102874
112.826223860157,0.019391026763067698
29.48258267255494,-0.8528894632197892
4.3048361088995541,-0.98328715734804284
36.408610637992602,-0.95112548368564842
95.237125070752796,0.86943655443129142
80.896409442234003,0.3218713312953756
3.3565775508932658,-0.53828192286404919
2.6916774618333106,0.24514378611167853
6.1559505957021274,0.51133008024872395
65.066956535926138,0.51244462707899197
6.7760307570470122,0.31578580999311034
6.9463215626066317,-0.75453184482662317
5.0596251438106838,-0.73033649601682349
55.575371468949122,0.47108716783464977
43.477522842824634,0.6072591440231998
106.57813657276598,0.24023562540457122
15.772471404968563,0.60070168106797373
21.361717772100384,0.80994874992233501
62.432123850625764,0.38312188333991815
30.063116655606258,0.78043365888933747
13.006650102475422,-0.03822368719774305
75.550031764552955,-0.32981033176316799
84.885832484789759,-0.56166427407368458
39.280597913553784,0.34582198741093895
38.134860351479702,0.41190478416258891
128.73040172848104,-0.72386556294826909
22.315710275856198,0.99768926302417804
2.4424829347822192,0.22566982301754202
80.435748427744343,0.083188230102202887
87.930360641751506,0.38962785438414116
109.88093325900716,0.79015039732553483
283.12892023564251,-0.51079211278356662
9.1420592728550503,0.018883751247769753
41.634377346992146,-0.44327641595877831
1.7014909373559859,-0.6565344696014026
29.972601303454351,0.23666176727831378
132.19936624655625,-0.78521052330155205
22.771005918441912,0.46670398882720288
14.571313406986761,0.2494706710527308
94.953296466471514,-0.1530515179438483
29.548135468722958,-0.18702745493453765
37.973996180865882,0.83391889829579924
0.18700502946753103,0.92284368225508051
31.167539702093901,0.032049021362656527
89.338254728437505,0.98710506950343602
40.29565082063754,0.90009725854076361
6.8407459654360157,-0.20687874527121219
73.041814090311277,0.32376431696433206
105.1988871491773,-0.087522688509606095
10.281821086291441,0.86130672179090495
64.414577507976858,-0.68281847867074208
11.064687547589823,-0.62493142994649187
0.93915008303478653,-0.46688014210375872
28.379858820972387,-0.41093934960281975
193.48100660470593,-0.23781147925746482
29.473399370286195,-0.13122814752997125
71.512621819953267,0.69462252852191275
127.39117939251021,0.35199747938594816
34.549097019800676,0.18086384470905514
55.788226508271244,0.56464924867439303
1.6629018103235371,0.34675197437570238
12.523486288771469,-0.38727452746095548
105.35356154567479,0.67392356965013334
49.250579699797512,0.96272077676135104
57.76387491737043,-0.83099297470390643
21.044148492710889,0.89037145796551664
65.861279504200638,0.81032144853178711
40.520093111715603,-0.055651318167714736
7.1243765573016455,0.53563966558716625
33.768282267426166,0.89250195210473571
158.97595624371343,-0.044158174714264531
11.150043334616544,-0.15577716547282838
8.9672307625447623,-0.050262162736794957
73.525761131688455,-0.62889025704800505
2.2098979567785202,-0.90300612238710376
123.32767624709152,-0.85353023341485335
8.8588101781825159,-0.71422470784784808
52.45443348083154,0.42085378689308528
3.6167468653525519,-0.35989538076178706
128.82080709126876,-0.57795339267767742
20.612284630263883,-0.38440282724525066
83.335316035277827,-0.43355805733260477
5.3951576257782454,-0.70308445533375274
29.064955150532668,0.76829907054225322
5.5122030723815847,-0.24382750782577989
12.274668490328278,-0.5712885068847624
0.37565951957470772,-0.44375067405779212
30.065699078154708,0.88735839672202976
34.121349122043469,-0.0097954278667822248
21.153893144380753,-0.40535500331685959
2.6020184070157848,-0.2751662462856419
65.106131003676467,-0.092277420410335154
67.253824626380236,0.25437893559035096
28.246585901007521,0.68824703625639949
56.910794981740395,0.62868657191228516
12.3606764417784,0.44960274480410889
53.110156265209611,-0.50035072633627431
4.2601500895807032,-0.52579041124448467
68.819890261656212,-0.9790710630667141
50.184147691135806,-0.40595893847894526
96.21601825941093,-0.96488482901729666
6.628901883696761,-0.82063952385986805
3.7993035364712187,-0.44660671792801931
16.435625768521522,0.7609632568001492
27.212355450840558,-0.22777296076535225
5.0408246405365791,0.35902094810082685
3.3705922192585245,-0.084397996446682777
11.207528193476843,0.03478686578726542
11.234253481377479,-0.33339870985598385
35.260926570838514,0.46055050751002247
12.279400695833139,0.43933034524244929
15.705248009134287,-0.3660250957220792
13.3486363706005,-0.95767079548071332
75.15350036974759,0.12401110941707727
64.660363741367462,0.28597156357324294
204.7393696360281,-0.41646676800558091
30.753413591031215,-0.21130515650791426
4.8787993570091501,-0.50190150374809228
26.217572323741798,-0.25705969556760522
9.4480113760677398,0.88004122504820281
17.34205263989811,-0.35149473194300418
22.770539291934085,0.62363006004801025
35.687761956897802,-0.050659662486990165
69.277829550242359,-0.94556548691630482
19.491318582891772,0.88124285214193554
32.254382014598406,-0.79134736572842135
61.486907743783412,-0.50127165447567168
6.9789213601679112,0.48738444450725837
143.39781514140694,0.22655054707607025
27.029063691702994,0.35327482441610991
69.60370675969385,-0.68710200525786314
127.66389761186325,0.83520253338521
4.9954294960434931,-0.355176008711791
85.675348008100215,0.37549002944428822
2.3733650973099234,-0.75625837957976438
8.3108138313276818,-0.79857932538106735
19.832468570641474,0.76188180275517503
92.639956679452524,-0.29528749138607924
188.83933402615051,-0.76171101564417221
0.032969374003438953,-0.97429178766531854
53.253202273526298,0.15134120438236676
3.0252097052244378,0.092718930013800271
19.977977403072888,0.27757899109433049
17.241619775407148,0.046336743005922498
15.268939277761492,-0.062284480244787943
13.603213096083156,-0.19779215819455653
1.8748593999163989,0.21159055888718625
26.038160369836994,-0.34058314273306012
145.67598576472159,-0.036536510833864
37.081393055253763,-0.69761610696164422
88.976698304965723,-0.81844251355421926
21.185318268471537,-0.26083505553513398
90.384417771170106,-0.41896801720262178
22.116348702593967,-0.071801334783215376
36.490578450381086,0.78423598644505033
3.3420906831583101,-0.29495115860014853
99.427749330615384,-0.97236888855531789
10.879431854706651,0.49650821089729491
1.9689334628064861,0.22047558896406083
32.909988398895926,-0.62463555809402327
56.457495866675714,-0.99103584705593328
67.942700721187137,0.71925758428733366
17.434816497949612,-0.72154697403755574
21.006155311555844,-0.93593680052849715
51.651981144218105,0.62515653927429815
124.85388423887048,-0.084689562666422358
33.17612587175271,0.83938132547953925
87.695565265563275,0.16544122825091012
4.4759074303808672,-0.16325151296335916
45.733782993146072,-0.41870749110436023
49.389933948142065,-0.93750387148095493
18.849471694331164,-0.56561787228269655
20.557078734380347,-0.27993879020553214
15.513363062033822,0.12859815362597238
65.323521868929234,-0.95444419496730504
91.914264916530016,-0.6606673546292321
8.3307138568387238,-0.95910247759357681
49.006672814366468,-0.12015969497318446
4.9278423556812108,0.24344639864831352
8.9780220592447115,-0.74479035584362152
53.084488635685886,-0.27811065630025755
41.701650224313866,0.493476774691473
142.12062465023058,0.66096956445643729
19.056100817257065,0.70464049797955108
81.410634525131897,0.74094841990886251
233.3097678040256,0.53430419835380771
1.17776901164291,-0.68757380899070242
16.644615563696508,-0.17382218625527179
28.7910451107449,0.39453860262921903
10.025692977367493,-0.95851198952756045
18.769336987872027,-0.57967387201434728
46.764245835072252,-0.44528284127969164
179.21276979160768,-0.29480079221205124
94.513796574196192,0.74755293045629734
47.222609565581628,-0.46238438598029319
5.2877269412481489,0.3148904287826999
105.31647328263693,-0.6129321200259219
2.4259544941774807,0.12511916269259249
114.55245146788012,-0.90153791786628656
68.617835632340643,0.29352784482217231
46.988940850684976,-0.54648901305437803
26.142098106339446,0.34987706196092372
6.2544205039889125,0.46150592237538657
2.5113201765445452,-0.20212136832323435
78.815193644832476,0.77584406577053389
62.448938175637814,0.053117398275116745
51.976730166322426,-0.64410380765163211
72.311757306169866,0.021192154484258596
83.735329820195432,-0.20046193583709337
49.199281339039388,-0.94316275365680435
36.274710179463717,0.10886805897789853
70.993593298694407,-0.32874938831352374
4.049591464792857,0.30096350477138789
110.33794933158619,-0.25547427917501087
19.828088656354346,0.87813129927880018
31.120245823798378,-0.99247749666953333
141.70468334606488,0.33585409083127349
49.927771127908642,-0.60639501594582401
3.591963597622176,-0.58825227954921222
10.253435312430836,-0.5219724675514188
47.721808593165804,0.60225786782343826
69.209447793465458,-0.092225902037616381
11.192037313230895,0.33624701081286568
63.293954566408431,-0.88372787788854401
11.503872754951058,-0.51828171309001458
11.516562059698719,0.43296596078451843
101.22215303063058,0.97868356347336682
108.37509280560609,-0.53390550787918967
2.3086010759058979,0.52850876105450983
225.06396322489138,-0.59051914640770575
71.179922756485311,0.86291148121509442
144.08035981654811,-0.91746240964067893
127.58335136897843,-0.94994409415549863
0.54958314539117314,0.92042399570503797
59.825365980593126,0.1523015960645473
100.12970981132466,-0.97630083267047363
70.428150465403931,-0.64049531271574645
11.738737347790126,-0.31362115360147969
6.5345878703086546,-0.47588134894373302
47.858135144801217,-0.40964164218925547
26.655392786193268,-0.99779851110030138
14.293192158349353,-0.29338040252125808
36.399476281074485,0.24825488975614074
147.69336917302982,0.40292157865751599
200.39522583261871,0.33064876905559126
37.272610744715365,-0.51048392816807064
40.595493943611601,0.9164791008816513
39.813871436594404,0.92997513219666073
128.14380927764617,-0.72305215898993591
188.23807588763168,-0.98667173134334285
5.4481657428930781,0.37079748529908496
124.70271473614132,-0.93349897608145693
58.303051204574864,0.99326216745950058
55.218402733080232,0.46285255147702276
8.2261579379601013,0.58032438258036012
0.21363511897383838,0.76920499847117285
56.373249821493275,-0.87755970736396072
35.353287161686502,-0.84844093831930723
37.881863272307029,-0.26149786669606168
60.332702695073046,0.63780672670105854
43.119330777480627,-0.23244220224892498
237.43762462950619,-0.9071917384057091
10.829232655664828,0.44655246309453411
86.050047143215352,-0.058038455679842782
58.609649504296094,0.64912179685027094
22.885362291986741,0.30588462494230639
22.956524350972003,0.80791930634364872
26.259552620573391,-0.26057290793673249
21.501958051047033,-0.89769958714502307
90.711612640862313,0.59985243766192142
92.525567940775304,0.52855522119281062
38.372052641837435,0.11451356853237438
55.029686212922172,-0.9742134902958115
43.967090807437195,-0.43903854235523188
39.325974895445079,-0.75696421764991961
0.21682078929973089,-0.7661144174120591
56.520488929028069,0.94589843047164379
71.356133402849892,0.56750933731150832
100.97599289283521,-0.76776292024248716
2.9943550973742856,-0.71771875312533884
50.65937661879039,-0.78556576951279022
122.79476615677748,0.65997235069581728
6.5982006459946714,-0.15129654818723637
66.624877087857826,-0.24388497210518323
54.805535297988939,0.085707446870708859
23.687557459457484,-0.81954123057960104
39.044080608119621,0.10270952372218933
41.465961695582216,0.39428679111603904
20.769200254475017,0.25951461634761031
70.296044333728332,0.94122023329964666
22.151473058281489,-0.80474001107937787
60.827494905684141,-0.35347469172875923
43.241075427426537,0.40194380272159047
46.730105820465681,-0.56533550521765963
94.631531252107379,0.002184281069233851
48.559692962401009,0.60733593822284804
76.972904814655948,-0.95380400163696311
116.97494807250202,-0.69825092923582766
44.292134835320901,-0.19320797614984864
173.35629293748323,-0.34660892763191442
0.22359170043275808,-0.756707936586412
200.02168093778053,-0.55989797351197845
12.828018425846546,-0.79751751841597285
46.060725466241919,0.1756833947685168
112.61705794190632,0.71285507201992493
16.022770890121606,-0.46906668984564326
37.246188585749728,-0.40869960485898571
4.2853565342464393,-0.37155927878406558
22.210202411337246,-0.40953040592962919
165.17261011748647,-0.090671615446958009
83.651461451915296,0.30468480028660028
13.912156250773796,-0.11504777246329856
58.341405814597877,0.91938410327108011
33.113097805249744,-0.048220942984650961
31.252963727788757,0.30399454635247936
9.943581866997425,-0.0070506680646853503
30.302533733136393,0.81458348777307998
27.089341202629114,0.3734739255438746
19.740372787727019,0.28243436439853897
25.651584345340702,-0.62450980414840895
31.832860969615094,-0.66770505808477032
45.417116732295554,0.52957852848999476
3.8325291121808691,-0.037235976697056028
6.5705119868477562,-0.0059045473440657581
90.811575733838936,0.90538892481918576
97.086515049628389,0.12126496888506688
11.863057702842791,0.60014108635575591
4.9083189359443198,0.21575663468869455
42.839766458950152,-0.3420628076766985
11.469970928445115,-0.40420573823870343
157.88236820795098,0.42002959057113909
26.487914898165084,-0.96669550602186072
16.143470141854756,0.39024495622861255
32.894653075640015,-0.18475017912340252
136.22491974025718,0.73041733122520558
2.3519692570824136,-0.57124483527596959
28.529093050557623,0.93434502235520167
21.827829392871571,-0.56407216407993976
19.482625036699115,0.81772249204092673
34.525125240997831,-0.75822243566950553
6.2745712405753498,0.40799176251104363
50.874222296507114,-0.76196959405729903
14.039536188754983,0.37553158273380438
30.287890120012385,0.9750223795034183
37.657095089657247,0.59429994532840702
196.24937351147506,-0.65697789726818812
54.761687954282976,-0.11740083880374996
4.0607827811725006,-0.38137457200800906
39.611345454472676,-0.16395724850150373
31.074938162833458,-0.16200301831046282
14.547893997556798,-0.21263624889672395
25.409643170952872,-0.10761380069637583
90.472785596559149,-0.34712339422779959
67.632755655108014,-0.22722917340136184
23.69744010155641,-0.44311625759130036
25.760385839962268,0.71484389881367294
9.024938260048204,-0.66624018346566061
105.15094542580815,-0.11041225874868377
16.34720044329956,-0.44966101689004567
128.95126012682928,-0.078363132578400663
0.80686461644980978,0.98941281207440657
100.09121219782162,-0.64333232116815231
20.209247668322703,0.30042446355058772
11.257305777542886,0.91652230836075987
30.723839063247677,0.79247650231964695
70.056615490531854,0.66458025646250118
11.886651982128848,0.50913421043386742
0.73657075369371738,0.97741719896944312
66.009430576140119,0.97695993802994963
8.3235987303892234,0.79308364482280025
163.1027126389061,0.27903937823906233
143.65572809009308,-0.9284065914115327
63.57844902309516,-0.49095792652643544
129.33657630551247,-0.96267483757136563
100.99337458652001,-0.49039916878800294
49.327203392497445,0.2544829708566414
18.07646193060004,-0.52355641500467676
128.26927851064988,0.084715574477861599
51.724429198181213,0.14195483617235838
209.85308054471813,0.72390662692890961
38.062726260822778,-0.043296380091044195
122.10523107977795,0.36812940585507725
95.247773112862589,-0.30873893261948515
0.17926325009291583,-0.56116997121989431
64.509763162244553,0.40316736897499883
17.136479191599239,0.4329966221703696
44.426779478352948,-0.18176459097188857
24.555459549458508,-0.4404431338087833
49.289838641440532,0.58052737787913955
26.288837000892524,-0.10067614570114225
67.522592023713372,-0.34046340606801584
1.6288480045581439,-0.93307997757413075
81.614085765354929,-0.14652188645003927
26.073232908375775,-0.77182220399266432
53.590135665840236,0.7542842498761595
10.484292896670631,0.5676751913685103
41.27520787776394,0.31498038099155279
25.073711932466619,-0.86434617394116797
34.21545671867014,0.46057287966562854
20.162963786040393,0.39034270875863752
95.391895292748941,0.40942777467838054
134.96204445954669,0.97333126756942634
16.711010381513056,-0.0059535850290031167
112.65394703534454,-0.73221117217704723
52.827863026671892,-0.46779145684935952
6.471018720375044,-0.29970112895697865
96.43262669524681,0.79023538830137796
31.4106953854014,-0.98581529323568207
106.94724342996165,-0.92252033378416654
8.0160951149289232,-0.93853732301251469
8.0557362115566704,0.7621403569811418
32.391175593886999,0.056925907254193442
4.6134449245538374,-0.25098291059757361
53.166702845564096,0.33508189084119433
8.2013692653281982,0.39658873314304821
36.770805199751848,0.55741141325310029
17.469040581131434,-0.6508191423956553
164.94877352450388,-0.72518601114789161
28.381470253150521,0.42973948359882908
23.163162723799882,0.66711772531506486
7.440963496600042,-0.061408771151412411
42.188588384655482,-0.38609210430977559
42.470976973732519,-0.85289722249789413
0.17451595438517661,-0.41235191729840404
33.146594077542076,0.028256457153555514
2.2999771584336126,-0.52403920626417744
31.624458104329161,-0.75219047731640076
240.92016365167277,0.58236682426890152
15.349428813066712,-0.3857714138159718
137.1562558052409,0.055332793781067702
3.4809479162388768,-0.60424723172429418
40.878779008711355,-0.40988558802361874
27.323043752435645,-0.0063461019407879959
188.76286066538165,-0.65601326939299387
120.49513220548707,-0.2029377435529105
5.0306995371081626,0.0073250866026801642
99.47496664819684,0.43124273105365263
15.638427390015236,-0.20106347239409317
101.72751079612969,-0.4715842730403792
50.756089262991154,-0.35963332970988704
30.618159233635083,0.57544195014960042
42.382482783861484,-0.64951389561842987
9.6849916579611826,0.078796185251400308
28.126078393935511,-0.12438064777646685
68.21332964729973,0.11386803190893535
25.914830734151444,0.46049392207406914
60.864098540422397,-0.64631805696068834
9.523356863780414,0.4307157139761959
15.319192750313274,0.40552584700200134
18.269903351317151,-0.31802390898200295
5.9320084456493687,-0.24398322983494913
10.219906216937764,0.88471398616058949
61.477263298407017,-0.54724873682164632
8.4286943476326179,-0.906508884383189
0.77884604072839647,0.46597694799120459
25.334169999023715,0.5337273076403235
104.52721700533729,-0.26948758327762024
19.14244851721487,-0.59838119481591234
25.823440003509653,0.22404841096862382
38.881615905815174,-0.46788104104646777
0.93435518528292727,0.59225670118862062
15.338579248828838,0.81385506129430385
5.6550307147879417,-0.98560643282110139
82.688972366199366,0.30479197422017656
95.334259951465995,-0.10067049502313186
104.61927398859831,0.099983267820960897
227.74725278930771,-0.66656731937736891
4.6656188822341322,-0.54422645535456193
12.806093266162572,0.15939488864243034
64.367944148312731,0.9654704723841161
81.461463862136867,0.56594637522212254
67.057398440552376,0.35713188507098215
52.255300041235451,0.28809216658953263
198.0985288399954,-0.81168760413026364
18.556965305698515,0.6492258571030054
27.390127352762324,0.68724703891901551
65.784853764070192,-0.82862438928432836
255.77674950989299,-0.99029712980277207
11.892744542653579,-0.92000500895876014
55.864108893975903,-0.74280212132825074
251.07614504021427,-0.027215601158103508
36.181551720380284,-0.056201173995253484
3.5813978221002136,-0.86389818803398866
78.543935813818294,0.17059287186383099
19.984687176425659,-0.87019223783240585
8.4538275701474603,0.84797261930678625
15.298997406925563,0.58895941277486763
10.823019095845765,-0.34854216821699846
1.557916377425709,0.26888727111468991
14.970129630193796,0.78813251288779229
13.175312128520309,-0.28230166267187395
25.821868852226164,-0.016708944500060774
135.52520888930223,0.48230954075511634
33.50058764534505,0.16081872052664981
1.8208022668453148,-0.95374125559642042
18.253775411050558,0.96321420408327918
29.985091811863267,-0.28823765608511454
37.553710652541866,0.032947352958609066
35.022448671239665,-0.6233683104844987
14.44821533414029,-0.840664199437126
8.0830100130184093,-0.72860888470236174
33.712922824012828,0.8279936280414637
9.5688619195627744,0.87546484060276719
17.628762733141549,-0.59300304696790218
4.4901784687244009,-0.49615535077046169
21.164073836614996,-0.28179982934576397
22.416922267407234,-0.65859744375890905
16.478507119475953,0.10322972395284036
56.585434880089338,0.86740472019030257
30.754513009214119,0.95274162173984323
15.269091609244345,-0.91806331203732117
22.777358877667769,0.78089158564556627
81.230109927934791,0.38866698700026969
43.036787319139421,0.57654141638902945
40.738041396764736,-0.48424832489115688
85.169346623181426,0.27779113736842476
4.4968141465178411,0.8773080956551913
71.501366053329136,0.45755127001860196
37.984611639937491,0.34741667576272461
28.61884154357459,-0.26542798728338424
1.1943068433851853,-0.022056950452709279
40.649685756049394,0.36662666069321492
2.2943295318023091,-0.70973670315162751
15.390080058255922,0.22531435706843705
32.542018342341564,-0.86692171823747488
172.95475061473522,-0.86847084218676573
72.791806223772554,-0.88703435205305592
11.224024437041361,-0.036886387402105036
33.901007864099441,0.070931708906732283
68.228146703347477,0.94108445396394069
34.914665667622614,0.63553995486432546
26.730939962807081,-0.42759666956208142
16.467976533672815,0.75175955810840644
16.183656658293824,0.89030092237821368
67.194397531639964,-0.6296766586400302
8.5998530008252114,0.11528087432321299
129.71442486770448,0.42627243905996748
64.729854751345698,0.71989211161971944
15.182769734599047,-0.65055129518319332
24.027473250706617,0.19098828708073423
33.705371495477145,-0.7015537838977921
16.634320394957498,-0.51210955968457417
6.0514880714635444,-0.21301922620541736
83.202151453244824,0.056933652084394604
16.35046202357297,0.3189421431001096
23.072694366324306,0.75520387996342597
27.618069639261329,-0.21480263145253176
71.266679153894003,0.27570621748027158
13.765638755266755,0.84596294461192301
6.5957000273540647,0.37903230444824598
134.02628509810205,0.52146191383735685
22.401062237565768,0.54183708948052334
4.4566127343185356,0.21248757245307504
120.77571453756394,-0.1248867200816226
71.94863167210741,0.33013614817189074
49.723922736219336,-0.55960681266909473
6.2776036337935563,0.33559220218147678
17.386501823071505,0.6690503925946083
136.81483801330486,-0.25724540575737032
3.847546471391484,0.82029643030277088
34.330022035810494,-0.84592553640339885
20.093703692084432,-0.94740520709568976
126.90137217843478,0.48828120812414078
2.8768533954823456,0.4589209260894167
22.959887094680585,-0.84322247643720516
27.987560773375026,-0.40283991141617603
17.06551586556801,-0.72908503204722397
101.47998902303503,-0.97743373827593394
17.186092722572621,0.95490755668800675
58.033317176044427,-0.29294144090925411
21.565206341333337,0.13105356295892312
21.052810047831453,0.12803540372045719
11.238552474595599,0.78497416174306456
18.701823659166752,-0.18862229848699941
25.870003954338372,-0.084921655816153629
84.145301284254757,-0.39579721783313748
28.228049582366687,-0.46178474337205677
42.368707477355642,0.94198129379591444
15.44727098211399,-0.94653577496998009
21.958093646805203,-0.79464401737155921
21.749003154538091,0.5953472014215806
11.636480498991265,-0.59309334263750135
81.338438279833738,0.86750929489480599
2.3479765788073621,0.72365003486120472
1.2645871769917392,-0.29355306369469503
14.424205391552045,-0.12807510791545784
121.76344660318084,0.21530569333211069
6.169033494383978,-0.75179564989029601
97.451039577254889,0.94055853996068861
29.368649061942008,-0.87482190621505151
31.020085409808896,0.88488629534360119
7.0676188857302318,-0.96031778524317413
77.740936760015828,-0.762184828409741
87.542756174182358,-0.63928611684437864
38.152684687926509,-0.86954352877605201
43.450859812502053,0.37548805415166298
21.320470390463147,0.65723415020410147
23.056147793434477,0.085037249402522663
41.48305913300959,-0.77295759017897292
68.409386737255005,0.19769756869117705
79.239883972298827,0.14886588821618996
28.701627152445887,-0.67136097861216326
13.15428466599565,0.63609037854901218
3.4578345971783464,-0.48617716862012617
1.4083421753699861,-0.51625801765559332
13.28581191843606,-0.237773880557131
31.655332072425296,-0.19597131382877131
13.122599652245832,-0.079676947091567474
5.7504331237422663,0.16853391748571855
19.269405610558767,0.58716523453359004
72.10137005846417,0.98616331537504132
67.119025890264766,-0.40316710224380214
10.611117177258796,-0.10672725141262296
66.63186905388109,0.83387381453523579
73.113030806651167,0.11105209596826326
16.446029485886623,-0.14761181714854521
34.409192267628768,0.81021439202071033
3.8861189722380063,0.34045804055866813
166.25509112315316,-0.71011441140843012
4.0890317314999658,0.040708399340482426
56.58700121302013,-0.29551775776032896
137.33328947289493,-0.24584208958894349
160.88859752933021,0.91981580792550011
7.0089480517968719,0.65282582253205779
57.293270070762588,-0.7412268602675236
27.67859708469058,-0.098630368774510258
162.61726390604417,0.21325708928228093
36.698416426107393,-0.60939139410936716
2.6320100569729754,-0.67076288139537055
48.195466792881703,0.43615402312823082
37.706328914475982,-0.33585294104565255
35.017595745223637,-0.22002425231549672
40.082259888820104,-0.2493205090772348
5.6736414333839535,-0.56210441980313064
62.375797010325229,-0.43849198589259331
33.31204466118637,-0.9347355017981529
74.41185825385061,-0.21939154919518389
9.7693811160632062,0.93084691978386558
172.40623664683869,-0.002315058332089448
33.131090347856038,0.77676540925406856
69.969611822030842,0.56984502602302256
20.888419366200115,-0.16661470891327257
51.822042869352217,-0.11182404413864666
4.7276493670684854,-0.31025112992320358
74.044177110372715,0.86900701311107764
131.77494390733969,0.82536099817273123
28.851998489138548,0.23181750680515445
59.769667024134151,0.88285728753064352
91.571682846804819,0.56144542128646524
25.541419763536616,0.7688514766268244
91.596648328138571,-0.32684687249731503
37.071771886800477,0.94355376448157902
97.911781220592403,-0.50981735287368779
73.171232263776858,0.29583443015501909
207.7710087954776,0.0013179157693457011
65.110850352921659,-0.51384863976546002
16.623146636633397,-0.9119819750795215
12.445291306234806,0.55639080612453995
3.5923787625261232,0.99726371825165283
7.815577452170472,-0.39982581592425959
30.08483988253229,0.96254228433915401
53.98289340981988,0.076102383353920722
150.80048727880256,-0.78148494026297821
33.946050442387779,0.9115292517468907
1.4468492505335102,-0.26073041632883887
0.29007203745194599,-0.35594826342431074
176.20147460872892,0.66177079571320996
152.38460565657118,0.41237928098424259
25.776229407784818,0.42161898718582425
80.821438559701562,-0.85076233618100594
21.893820642114331,0.35728959626404677
40.585655793881052,-0.51325778888843687
24.79618094910165,0.037709495907838342
55.541465530912014,-0.0003078303599133303
113.74557577309015,0.10948774242805759
13.277384442081214,0.34953478750015621
188.76479215072604,-0.64882920695358282
10.961941517790136,-0.74138974463756013
95.579458247846375,-0.84858353613078807
50.448878610901261,0.65545451615483796
16.61021782794359,0.52799927027846505
27.224782804038682,0.084422920090635456
159.41718146187856,0.61536795388306098
26.860041036408301,-0.6228517463389962
37.652137504385621,0.26890956056392978
33.996826634370429,-0.87317727889145114
65.59408479699313,-0.49794139903312296
24.647694516594257,-0.34478990999580139
31.038741200824965,0.87375719950589681
11.303185178570189,0.88019520023717246
1.3755512776312695,-0.68433945985404909
121.92059974320021,-0.18966331904924649
14.201815393647072,0.51373041028764432
11.949124454764609,-0.14972892057176113
6.5709727085970453,0.38062771346853519
31.605305865834048,-0.77793407238812318
122.12562670338063,0.93410472765819663
81.052857679695194,-0.87625629400513882
20.952717996693199,0.14968983731707586
76.772729324690857,-0.02990657349880621
26.554168699310932,0.79281961680199298
19.126842688970441,-0.22010512032783724
13.839544857772164,0.3325591985253793
18.091136093424797,0.81172578308666954
12.009309179502004,-0.59498759317475369
39.604556794314092,-0.95324631197908927
1.1031328774746452,-0.9294147294017221
48.849482851880403,-0.67124208194228729
30.401624872843573,-0.19681680576139438
67.125207473482021,-0.016699441918152536
72.446098841160349,0.10505728713395213
67.653423994772524,0.27248177188409506
47.325111852911824,-0.33803917092124403
23.240722028649071,-0.6285943277092565
46.047276383821242,-0.83129148046988766
10.18836024608926,0.63838611042713045
11.943608995205905,-0.30497043479872299
122.40967962999063,0.50697524361135304
27.744512393066429,0.98152832564035486
15.292010388745245,0.26852054179649532
31.253270310900238,0.60046712446534389
71.455094955944787,-0.28652483746593638
35.646908556467736,0.38068952641003073
16.924311408608688,-0.0068681540328381363
301.06540253739911,-0.36471782073569292
47.182107620863441,0.027897248805362151
43.495279119124227,-0.99735721977253022
82.381688812898332,-0.36094988226091451
26.987651695188951,0.92179854982698561
148.72827930107616,-0.014259196577146804
30.841372138916856,0.63835583882699654
15.678796843030666,-0.054521322859647503
1.3964327174234938,0.95558333777033688
20.414769554403346,0.073494554177345961
73.286982629768943,-0.3290836766317049
74.2276115563768,-0.22980034047384867
10.884716799556397,0.99006801084434937
27.684082308262393,0.2644932976879375
21.954815721153121,-0.89732383480309852
64.669730265424448,-0.91817431650382808
15.238570748374364,-0.72412719320873853
23.904959166931178,-0.35238457081856622
14.324937914213406,-0.020032773298084949
64.008717763344265,0.82116505800507866
54.861590780495206,-0.41512594717731255
3.5264704100262909,0.58599911317308884
76.240894163256172,-0.36232442829908984
35.406841257333696,-0.24308653489885268
70.685580743079171,-0.81241805761678809
2.4775919127433288,-0.48676812847536488
72.341171113187499,-0.51640108758355385
36.326766274070309,-0.63023336606807923
15.107180891750325,-0.60714800429719018
69.354145829028539,0.57659465071323002
41.41448830605254,0.68003140697672659
13.454735889743114,-0.34750918742095793
157.55720404104662,0.046476856523917753
20.61624145042488,0.86523903569054039
2.9322690940071698,0.52111666432218784
43.823836477053014,-0.12639528888774709
59.541762195502216,0.79582121866094835
40.633912636805348,0.15509607412423376
8.0925245101997003,0.13077820712475141
2.7569183358497935,0.40709706608544449
71.823917568723871,0.71589373784844668
171.09329961901631,0.76832540708589847
64.38072284312733,0.94296380637353772
32.528090663894133,-0.49389726427420499
39.552276129633768,-0.58794151902457115
13.041906722778471,-0.065443673962233273
30.7806001768041,-0.027823842190352055
20.095720616914445,-0.52324473906044755
49.079644369902852,0.87055942857200441
44.661246658930636,0.43171654363758605
41.705208597845292,-0.43923705779831868
26.386814086884602,0.28198294571456817
16.224752712109787,0.50737626952548398
59.671656735312098,-0.34424212920300112
27.059547634474857,-0.048626524513039282
43.312756791693012,-0.16031106553863683
255.85622541523341,-0.86927523746157909
75.886176654890221,-0.54059091731367248
0.65615891422453265,0.10985701997473196
8.5382861329853519,-0.39587606106630013
29.417483618364464,0.4410036306723677
2.7893791399250718,0.51348629899572806
56.634432522499075,-0.307723760542846
50.662431379125451,0.34781877067211409
1.9294403833382225,-0.031491518895164772
13.850030008868544,-0.75050574571725193
33.260298848475742,0.43282918323532837
133.19801618203624,0.24897840075553623
0.59108679160115762,-0.48248092211339966
2.5282141580971742,-0.18296328673104201
117.70547614908151,0.25381267860667922
100.34519469776195,0.47451825142925119
60.300326628073677,0.80148871954534795
11.890606827542317,0.34631878063449606
82.563059997605592,0.42937329218557974
6.7793253372972497,0.48165174921642562
61.518597850117864,0.43297196465795151
5.7915648395104453,-0.37358708738215674
5.5301054350766519,0.05463687395994099
10.964256907971556,0.43658966493115536
61.064016821031231,0.21401440606016409
35.682040451823333,0.42239258620263298
39.076082882462202,0.76128637579063052
32.092012414889062,0.46763069678110836
40.039218244956729,-0.47778722651032424
85.142118129182933,0.054984174952664722
57.652641620200662,-0.055862638778437335
144.28635671834775,-0.39492646237610618
5.5039478806599353,0.50609176501769126
12.464050727593706,0.33096728168290723
91.004786650291223,0.90780594925390634
24.732122349328776,-0.02733085581754735
69.596909706217275,0.74184007323695345
50.61094386607099,-0.43380088333149991
52.748988678163897,0.97036370780150438
12.842841057639479,-0.87231690719313937
24.661414436738514,-0.94172956199116475
26.968971369901958,-0.67726584341306961
22.273251173861119,-0.96526307176863657
6.8247861511971095,0.54082864688268528
78.517342856879324,0.73532030994396669
51.622135759128682,0.60522349922331031
44.768059656629966,-0.77879410635035295
49.43334446682578,-0.77429904866100441
28.286310549691379,0.38598053656984699
55.74993662262456,-0.72266231052092267
10.592336622292715,0.90078211830064636
45.046702644029253,-0.22445643739382115
54.048543329996036,-0.75738646181978875
2.6491531315773158,-0.52859626695417794
104.80438317616989,0.80772225662501484
169.2640674583194,-0.070896488282024217
116.37874275095635,-0.021020157977595266
243.691086838822,0.40904883794762048
56.762486546586452,0.76932351987955205
100.19143951331191,-0.58569718710612961
1.450218165490333,-0.37323186561007105
138.46703959245789,-0.45412965593742372
70.261012669082717,0.39137058536083758
28.952720227023963,-0.81121648639956434
109.54154356588512,0.48774076466399352
89.342580274497777,-0.73320386158705375
147.60969885894707,-0.35092628970705175
3.0993786305529096,0.056881658356551679
1.0533267257297734,-0.042925929133146079
1.2590361868377971,0.11906294523427929
31.452782476581682,0.84403173076009219
5.8081316519505028,-0.49063440387197388
12.238545822000688,-0.92341033066439993
3.0997470039896462,0.76662289679574025
5.0822971626169906,0.32353080505102128
9.096764566678555,0.58322209311682305
172.64954608270835,-0.51209717616666461
5.9206567220033035,0.30508688561845165
1.6872585390934871,0.61565918625969673
88.455027980744632,0.91543282847512697
4.464421566242387,0.73466032498863965
112.12697674180507,-0.46782042083001207
11.037042510433071,0.053208799381456284
17.292099855149637,-0.75988123688947429
2.6749614081363804,-0.25924188782471247
55.878910771422838,-0.75310414477349474
59.222141143612546,-0.8734736902734368
48.050321388011888,0.26757126068029091
103.94014443994743,0.92386345447456408
22.347584716190404,0.6008469765203015
34.027826909024768,-0.13115240256837768
4.4569935092059074,0.57550964268091587
11.019432579338874,0.9247474096575401
0.77584627129268269,-0.35515442475901793
0.41499350350720188,0.42316843150104244
2.2875026139159131,-0.68005931668658137
60.034797355692717,0.24639209222409519
63.603769904125784,0.80314840601193427
4.4171876677160729,0.43496064400444534
16.086844537413867,-0.60530502206130965
23.227076367357888,0.52224386083620145
64.211011540174241,-0.069152769971311479
45.38478656514323,0.51977423037238046
28.796640455354133,0.34932111753704986
32.740256205211374,0.88262439505183465
112.09642432868112,0.97041888701164636
72.980465442516618,0.46296616492699871
115.10432762518195,0.49696725256933005
131.83880884510421,-0.55659373459073369
7.4071489308731211,0.68978972434863417
4.106291211278803,-0.4947060424574985
122.06249989562194,0.11267175411966801
11.095831330366334,0.91207261223770053
9.9250447215023403,-0.7615669667438405
3.1528535307233825,0.88489011989208621
53.354640767972981,0.097150571436611211
53.098647837425226,0.40711663752045335
13.391685517268584,0.95096095338912434
77.373380255434611,0.29448056278283352
42.932612416665741,-0.89855735241953516
