                NMuon    Muon_Px    Muon_Py     Muon_Pz
entry subentry                                         
0     0             2 -52.899456 -11.654672   -8.160793
1     0             1  -0.816459 -24.404259   20.199968
2     0             2  48.987831 -21.723139   11.168285
3     0             2  22.088331 -85.835464  403.848450
4     0             2  45.171322  67.248787  -89.695732
...               ...        ...        ...         ...
2416  0             1 -39.285824 -14.607491   61.715790
2417  0             1  35.067146 -14.150043  160.817917
2418  0             1 -29.756786 -15.303859  -52.663750
2419  0             1   1.141870  63.609570  162.176315
2420  0             1  23.913206 -35.665077   54.719437

[2362 rows x 4 columns]
