       NJet                             Jet_Px  \
entry                                            
0         0                                 []   
1         1                       [-38.874714]   
2         0                                 []   
3         3  [-71.69521, 36.60637, -28.866419]   
4         2               [3.8801618, 4.97958]   
...     ...                                ...   
2416      1                        [37.071465]   
2417      2           [-33.196457, -26.086025]   
2418      1                       [-3.7148185]   
2419      2           [-36.361286, -15.256871]   
2420      0                                 []   

                                Jet_Py                           Jet_Pz  \
entry                                                                     
0                                   []                               []   
1                          [19.863453]                     [-0.8949416]   
2                                   []                               []   
3      [93.57158, 21.838793, 9.320708]  [196.29643, 91.66628, 51.24322]   
4              [-75.234055, -39.23173]           [-359.60162, 68.45672]   
...                                ...                              ...   
2416                       [20.131996]                      [225.66904]   
2417           [-59.66475, -19.068407]           [-29.04015, 26.774284]   
2418                      [-37.202377]                      [41.012222]   
2419           [10.173571, -27.175364]           [226.42921, 12.119683]   
2420                                []                               []   

                                  Jet_E            Jet_btag  \
entry                                                         
0                                    []                  []   
1                           [44.137363]              [-1.0]   
2                                    []                  []   
3      [230.34601, 101.35884, 60.08414]  [-1.0, -1.0, -1.0]   
4                 [367.58548, 79.24227]        [-1.0, -1.0]   
...                                 ...                 ...   
2416                        [229.83801]              [-1.0]   
2417             [74.944725, 42.481457]        [-1.0, -1.0]   
2418                         [55.95058]              [-1.0]   
2419              [229.57799, 33.92035]        [-1.0, -1.0]   
2420                                 []                  []   

                   Jet_ID  NMuon                 Muon_Px  \
entry                                                      
0                      []      2  [-52.899456, 37.73778]   
1                  [True]      1           [-0.81645936]   
2                      []      2   [48.98783, 0.8275667]   
3      [True, True, True]      2   [22.088331, 76.69192]   
4            [True, True]      2   [45.17132, 39.750957]   
...                   ...    ...                     ...   
2416               [True]      1            [-39.285824]   
2417         [True, True]      1             [35.067146]   
2418               [True]      1            [-29.756786]   
2419         [True, True]      1             [1.1418698]   
2420                   []      1             [23.913206]   

                        Muon_Py     ...     MClepton_px MClepton_py  \
entry                               ...                               
0       [-11.654672, 0.6934736]     ...             0.0         0.0   
1                  [-24.404259]     ...             0.0         0.0   
2       [-21.723139, 29.800508]     ...             0.0         0.0   
3      [-85.835464, -13.956494]     ...             0.0         0.0   
4         [67.24879, 25.403667]     ...             0.0         0.0   
...                         ...     ...             ...         ...   
2416               [-14.607491]     ...             0.0         0.0   
2417              [-14.1500435]     ...             0.0         0.0   
2418               [-15.303859]     ...             0.0         0.0   
2419                 [63.60957]     ...             0.0         0.0   
2420               [-35.665077]     ...             0.0         0.0   

      MClepton_pz MCleptonPDGid  MCneutrino_px MCneutrino_py MCneutrino_pz  \
entry                                                                        
0             0.0             0            0.0           0.0           0.0   
1             0.0             0            0.0           0.0           0.0   
2             0.0             0            0.0           0.0           0.0   
3             0.0             0            0.0           0.0           0.0   
4             0.0             0            0.0           0.0           0.0   
...           ...           ...            ...           ...           ...   
2416          0.0             0            0.0           0.0           0.0   
2417          0.0             0            0.0           0.0           0.0   
2418          0.0             0            0.0           0.0           0.0   
2419          0.0             0            0.0           0.0           0.0   
2420          0.0             0            0.0           0.0           0.0   

      NPrimaryVertices triggerIsoMu24 EventWeight  
entry                                              
0                    6           True    0.009271  
1                   18           True    0.000331  
2                   16           True    0.005080  
3                    8           True    0.007081  
4                    2           True    0.008536  
...                ...            ...         ...  
2416                 9           True    0.009260  
2417                18           True    0.000331  
2418                 9           True    0.004153  
2419                 6           True    0.008829  
2420                12           True    0.008755  

[2421 rows x 51 columns]
