      Type     Run      Event          E1        px1        py1         pz1  \
entry                                                                         
0       GT  148031   10507008   82.201866 -41.195288  17.433244  -68.964962   
1       TT  148031   10507008   62.344929  35.118050 -16.570362  -48.775247   
2       GT  148031   10507008   62.344929  35.118050 -16.570362  -48.775247   
3       GG  148031   10507008   60.621875  34.144437 -16.119525  -47.426984   
4       GT  148031  105238546   41.826389  22.783582  15.036444  -31.689894   
...    ...     ...        ...         ...        ...        ...         ...   
2299    GG  148029   99768888   32.701650  19.054651  14.833954   22.051323   
2300    GT  148029   99991333  168.780121 -68.041915 -26.105847 -152.235018   
2301    TT  148029   99991333   81.270136  32.377492   1.199406  -74.532431   
2302    GT  148029   99991333   81.270136  32.377492   1.199406  -74.532431   
2303    GG  148029   99991333   81.566217  32.485394   1.201350  -74.808372   

           pt1      eta1      phi1  Q1          E2        px2        py2  \
entry                                                                      
0      44.7322 -1.217690  2.741260   1   60.621875  34.144437 -16.119525   
1      38.8311 -1.051390 -0.440873  -1   82.201866 -41.195288  17.433244   
2      38.8311 -1.051390 -0.440873  -1   81.582778 -40.883323  17.299297   
3      38.8311 -1.051390 -0.440873  -1   81.582778 -40.883323  17.299297   
4      27.2981 -0.990688  0.583351   1   49.760726 -20.177373  -9.354149   
...        ...       ...       ...  ..         ...        ...        ...   
2299   24.1264  0.818806  0.661492   1   27.714554 -16.874052 -15.319644   
2300   72.8781 -1.482700 -2.775240  -1   81.566217  32.485394   1.201350   
2301   32.3997 -1.570440  0.037027   1  168.780121 -68.041915 -26.105847   
2302   32.3997 -1.570440  0.037027   1  170.583132 -68.794136 -26.398400   
2303   32.3997 -1.570440  0.037027   1  170.583132 -68.794136 -26.398400   

              pz2      pt2      eta2      phi2  Q2          M  
entry                                                          
0      -47.426984  38.8311 -1.051390 -0.440873  -1  82.462692  
1      -68.964962  44.7322 -1.217690  2.741260   1  83.626204  
2      -68.447255  44.7322 -1.217690  2.741260   1  83.308465  
3      -68.447255  44.7322 -1.217690  2.741260   1  82.149373  
4       44.513955  21.8913  1.444340 -2.707650  -1  90.469123  
...           ...      ...       ...       ...  ..        ...  
2299   -15.768964  22.8145 -0.645971 -2.404430  -1  60.047138  
2300   -74.808372  32.3997 -1.570440  0.037027   1  96.125376  
2301  -152.235018  72.8781 -1.482700 -2.775240  -1  95.965480  
2302  -153.847604  72.8781 -1.482700 -2.775240  -1  96.495944  
2303  -153.847604  72.8781 -1.482700 -2.775240  -1  96.656728  

[2304 rows x 20 columns]
