reco_x,reco_y
3.247563040196899,-3.7642655610532034
-1.792558356445136,0.14122459760014283
-2.553186307782159,2.112140465494333
0.7593802566589429,0.7301225727078446
-1.0706028168737194,-3.794157501390113
1.147335723007284,0.38501718199478546
-0.21115347024170722,-0.5733534827385162
-1.111008279953384,-3.9519642414931524
1.5235237892968339,-2.993831673399938
2.1270578437005256,3.1944365362894365
0.9290104597822073,0.025848580501349368
1.3334937829834528,-0.5185999938983228
0.08240576624308571,1.7593952042077192
-0.5390074657303359,3.031530581611343
5.781826293894983,1.035158089515704
-1.245068182256262,1.720573834000423
-0.8235457197256737,-0.08901712771149631
3.1856939624104688,1.1899659077758549
0.3307994238956735,1.4051393912775942
0.5747366518066733,0.39337665879190203
-3.7278452340592425,2.802835484198998
0.9721234953125772,3.30810021228259
-2.629860789272718,4.148305723269351
-2.09538954432896,-0.42710046209130575
-0.08293161045035541,-1.5276938705565775
-1.3832897025495245,0.893367738690359
-2.4359437189530193,-3.0682219346798782
-3.2320263599572123,0.6648076802600846
3.249662258531357,0.8295015077958734
-1.0836892697668339,-1.170067326002697
-2.189576028903982,-3.1956606479043446
0.4311077587412856,-1.5180386311028218
0.4783970667275228,1.0852246932151135
-1.515917048172084,0.7000130873764332
2.1074782880078327,2.7139592502260133
-1.0656659573883396,0.5338626846545848
0.7916222661601033,1.9697455516683715
-0.6658442630813662,3.304391761860908
-0.8582729474681241,-0.7066455056625034
1.6413020861429881,-0.6545066844406269
1.0482624673179644,1.2774091672437025
1.3462340589427795,0.010061760394536472
2.5384449374544693,0.42778828356926984
1.0858376562671654,-0.8628394718059635
2.9531072719503833,-0.6655872329842152
1.0407548443572796,-2.5776169976616656
1.7900129202501047,-1.0310530071184854
-1.2693891084257067,-0.7608264766171824
1.5792304325368598,1.4814972626426488
0.8510461782235053,1.6832881488586235
-1.415499693123449,0.18591992477869565
0.059959264190191014,1.9430353897991315
2.5241523656469633,1.6512611468760119
2.0204912607233068,-0.4548562544205146
-1.9460635360919258,-0.018058153044586342
-0.7531852756393662,-1.9090957702461524
1.978585612007322,0.5547008196397766
6.457681529602391,0.7250751357643007
1.326278553008956,3.490565804883428
0.22360272664063874,0.13902881862596886
-1.9735407344853,-1.763177131319634
0.5262215581371967,-0.11289601667134878
2.6860119781534877,0.21933779825042304
3.837407131750342,-3.767358900339762
0.6908838559889572,-2.55963619716049
-1.4532444863724447,-1.1032386937340108
0.04918681962826555,2.4430920417401967
0.5548788809848597,-4.21387463875526
-1.0346241345366483,1.483813726258086
0.0694816399723802,-3.2977591346743775
2.8468355477756417,1.0842643090861561
0.14076248734114552,0.527162578986797
-0.9853825469859229,0.6124404201613399
-0.4740235146786184,-0.10943828657163396
2.673140952323438,-0.7462932768628695
1.3034489489242467,-1.1987845374929582
0.07255343031036894,-4.3374022152266365
0.16843318586600592,-0.38595847522818727
-4.15345664898292,-0.39195748300707817
-4.436857075545318,-0.8499738661412979
2.1733481959996928,2.533213208990855
0.9057880944077097,0.2006877144292304
-1.7023286218331108,1.583049744203206
1.2855601441852442,-2.6752534119051328
-4.121915517454529,2.9577678106042105
-0.26953057473674424,-1.2280929165422736
0.452136891033767,-0.3982946397164829
-1.8593730709001464,-4.245491302133979
-2.364086919998182,-2.8343479725639185
-1.9191510397081948,2.3530050789861856
-1.2545988208297447,5.1995144257757815
-1.0267337758200912,-0.27894549102591465
0.33869848496192806,3.051453310525473
1.3046719538077212,1.1106315266641837
-0.66433724301424,1.5466573342769476
-0.6303404512815911,-0.01621545283809964
-1.7567033029662176,-0.010177282898466049
1.3737394245729175,-0.6485184373539379
0.9759117265866848,0.29566718660129226
-2.706644314076677,2.5986861171401596
-0.40653263932215716,0.7841030978278917
-0.7525811849872235,-1.0723501076970186
-2.458008548183569,0.31598998365145853
3.4591022204135955,-1.2128594404188662
4.2656886106343315,-2.349953710122221
3.028655798003676,2.697684336856137
-0.7326918092616541,-0.9868887486631697
-4.330845273455558,-1.5464578730621785
1.3328366183150002,-1.822597777187201
-1.9240472290728574,0.1653459538113261
3.0019726774456124,1.6805906970984004
-0.5406559817077995,-1.6066172247154835
0.3200253613243195,0.5374568690277026
0.5204968063006742,-0.37038663643118996
-0.1558564599386128,1.4669298207961694
-0.7702145242083046,0.7290732626176427
-1.3188824743655654,-2.3357431183105892
-0.6805939445505726,0.9125159280175745
3.4466651411537104,-1.1814274180199065
2.5572990750304134,1.964463921271968
1.5822316044813336,-0.19490677749343552
0.3327952897054588,-1.1702330008863604
-1.430324365145897,-0.4328054485071302
-3.095902733119159,2.964850107536696
2.3746502491379338,2.7921739563640178
0.04120847011641999,3.006444278733777
-0.7388220564837565,0.47234471274823897
-1.3064701451576095,-2.359385829581988
0.03403797761556821,1.0991063979612934
-1.6169906843012318,1.1471771838037634
0.19530910968582407,1.1027226064197737
-1.5841647429602934,-1.902660082624026
2.547281107724761,-0.5862676531832288
-4.302052282718667,-1.8548813378164588
3.370679284049774,-0.18475186422584614
-0.9344877908849281,-0.47196133422662323
-0.5894744814345902,-1.7197447695872654
0.20252989632899937,3.1866872933697845
-0.4126141028023912,2.1867437305361115
2.028386261631974,1.46623724615546
2.004897597514296,-1.0352209920386024
-1.3681582736948914,2.25125573554442
-0.6472163477757665,-1.5260071394180335
-3.0040010126746397,2.554561629212631
-0.3558586861341576,-4.341125096015863
0.8884793672445865,0.32012858023099233
-0.5324640590370162,-0.7779503269176439
-0.7807315018214963,-1.469546345673768
1.6833924924785244,-3.5036934259578456
-2.392523948089169,0.5492138405993576
0.12358013480599175,1.213886748924705
-1.3326714023907251,-3.877004369329837
0.6088240336680271,-0.39797795175578354
-0.8999737608809225,0.26163093722642733
3.6440533873329453,0.2832198206595148
-0.20005506822979024,2.814507102442312
-0.005497751278341286,1.808545046298581
0.9217469006948992,-0.6532913095530603
-0.9567093221720169,0.6391274829282664
-2.9883307617923935,2.7317601573674986
-0.35074541835524864,0.7306798020423828
-1.387146401348215,3.252043996370021
-1.231426682860888,1.2704668196168625
-2.7206632508082476,-0.5046688323503281
-0.28780635067521837,1.4156494521769718
-2.041293805024462,1.115263787333132
-0.30076271194692566,-2.3627790704128726
-0.028538094824286202,-3.66591598245042
1.10657620750102,-1.2584397684319582
-3.2031734013950253,2.46171225790622
-1.592658914951753,-1.0136345335924586
0.002571436256337739,-2.357379189741783
-1.0909331165047627,-0.579619848674816
0.17097674479118175,-3.4184407843254356
-2.9730146225657497,-4.946221312843246
0.37423583633376484,1.6555848479624176
-0.5930064312513038,-4.140510962679968
1.099098315970476,0.9673379113210011
-0.8254285553732416,2.5026486231361833
-4.7394921988661585,1.6418799576316807
-3.22037637147237,0.4888335895118346
4.830395623500355,-0.8609125107509267
6.093262613918497,-1.1046352414562326
1.0465505893798133,-0.7785690128557918
3.336820553789989,1.260454089107064
-7.145171826031499,-2.7412910805541477
0.4237530813784675,2.5633217858599706
3.7708510289642243,1.3264911722068131
-2.7012560291658234,3.318674959745314
-0.13182685796756224,-2.8329865238412637
-1.0785146979192686,2.08389924873087
1.108401110423564,0.7523148529882807
-0.45927748174546407,0.17136775956239647
-0.3867983762595744,-4.055125849412859
-0.5875198592649269,0.9144517240363333
2.899111932742992,-1.1943153782505838
-1.268907429851984,-2.7660170096167502
-1.4649554987415234,2.3388595869619784
-0.260693289854434,-3.5242874366597383
4.603843118411479,6.329702644840351
0.6894152171703433,-3.170431257624509
2.950905856516408,-1.2082581574349727
3.743637072552891,-0.4458098745914767
-1.0760814263477319,3.1306977185006093
-0.8983945044463282,-1.4202314327541217
-0.8554757689943023,-0.6268790283736132
2.3280186859208283,2.2138776487475695
1.9922667939258625,-2.6406137770493556
-0.8056412033539817,0.867749640357646
-4.369965041372673,-0.5430198585085851
-0.9496459969863441,0.09458161424740708
1.4659114645657711,-0.12194384043154803
-1.2394186906815146,0.5553865554484378
0.27109644064437394,0.09585765671703364
1.5067526312935975,1.1550183391353794
1.251075070397163,-2.035962709019655
1.7259799067197472,-1.8901811712611607
-1.9650015493481623,-1.1587735145086213
-1.0378287677150049,-1.910574050803376
2.3187639267195608,0.8225985696950217
1.164960028933475,1.9257711843410714
1.2637485248850893,-1.0638917241362704
-2.5480838603699403,0.6031863725230867
0.2404797038155932,0.4918175494972137
0.5971051360195263,-1.2158382759289612
0.31333817356700544,-1.8055394588914373
1.2257277254374277,1.7914123580570478
-0.10448956960647995,0.10332891183498737
-0.7797972455116926,-3.219633563898277
0.2631567766395316,2.4081282132729402
-0.5138718951509199,-1.8502581080209632
3.8312574277291818,3.3618431980889527
2.2579612454151703,-0.17659879305221585
0.4503667901886197,1.5380014421990191
-1.3188344753111099,0.27171166349069426
0.6071337706355395,3.4618666569009946
-1.655219428022595,2.099393010176465
-3.520526299363416,-1.2779714711544858
-2.8858641553301694,-2.468766589415998
-2.0361472696423286,-3.5786269334833785
0.31646337661071017,-0.6930840275067388
0.9608319748563062,-0.9407914842387105
0.3767657266245806,1.1997182133854274
0.07091574607309474,0.14052225761848175
-2.031873019635144,0.265495685169611
-1.4679697925035309,3.899499385390918
-2.1306364134232827,-0.1081684238403218
-2.315057944878497,2.5950747299430947
0.22116582251202044,-3.1961088072868953
-1.57218212766233,0.3276527528605646
-2.7811370593119444,-1.2691019412897235
3.1090150236163967,-1.4171205962739504
1.5097207277663922,2.5067993198725644
-0.37045942914594704,0.32327794146294575
-4.067445220035963,-1.6038065821104746
-1.7687514663196293,-0.6790815240475649
0.4036256156771242,0.8104136625401183
0.8488132747946833,1.3421751859733944
-2.4246774599433936,0.1845785348199531
2.947965667466765,-2.5201098811371967
3.2524665901210685,-1.1021129514992969
-1.822375842074128,1.1522730430717956
0.7590783820592133,3.3980590955454226
-1.8267069807124776,-2.3589029906634584
0.13424003458476969,-2.297726695452882
-0.9869317258659605,-0.30027994811235226
3.4030908744057933,-0.7470195259935474
1.8531391225704494,-0.7506145202624266
-1.8756510729753253,0.6306384969809457
-1.635276894644381,-1.3162235136611344
0.5062213046168111,3.5556617682917864
2.23240855693784,0.2866178257432875
0.6991768515287854,0.26883762307103304
-0.508896526345721,-0.259595769028249
0.4867463208484215,-0.12707086033452242
0.09651236244836045,-1.5928866070053236
2.6878633870062116,0.060914302638511005
1.5158164772639968,-2.1314395897165315
-2.2962558470968646,3.0125322765248352
2.2175562197517897,-0.4532478723740434
-2.475603066585211,-2.456119447176085
3.7283277847541605,3.3742233046064656
-5.249204003123143,0.2940884370416469
0.7114969690938238,0.5799553987789304
2.321605353675352,-2.439936926638697
-4.583877104973796,1.8943945223426069
-1.9247485110494238,-1.7692008209537498
0.0928369610643149,2.218707964048267
-3.5754346202559946,3.248711917814783
1.555633443264801,-0.1516676212742965
2.666292390771704,-0.3852011507365943
1.852697069531476,0.3944924051702421
-0.12757650198457013,3.280998911559693
-0.8917677990265638,0.960688513386122
0.22021115844878386,-1.1945954105903474
-0.10218772095740906,-1.0463134245074914
-0.1795882560638425,-2.6783217435061686
-2.5698941179793313,0.4792629371411212
-0.4270166283477591,1.8300447689201156
-0.597657592341378,3.1216817357206246
-2.3463466396585813,3.050905442472994
-0.7905696676382423,0.7715072856795582
4.287310371129463,0.5048349489827646
-1.460958898120585,-0.36728522486042087
1.252308130947817,0.45149623827373464
-1.699445988843583,-0.07159007181389523
2.5680435528720063,1.3859095588584234
-0.033289406197186754,-3.5270305893173806
1.0285531135592456,-1.7974285349208476
1.1805309948074216,0.7513222719783642
1.7543411553594834,0.1885357665575853
-2.5568102939889408,1.2674976621458076
-0.379196193668904,-0.02828729103647546
3.201189820687161,2.3955372298125903
-3.5730129194050853,-0.23297767788540136
-3.703931389707469,-2.0377963064789326
-2.8102736524255967,0.47666376171150315
-4.404239890405585,-1.076991518316734
-2.194553260713108,1.784492681642364
3.2339518330045327,-0.8760650828030133
-1.0121440337599448,0.31066312109946675
3.933816136081553,1.7704335965619853
3.0619169978170233,3.0671693679894863
2.4351537689578526,3.6424810480857532
0.3150450515119083,-1.2608820876172395
1.4867975653508638,-0.2993824320250869
4.150539404319315,1.6725257365893835
0.9313259002187937,1.8431545487882584
0.6409449269102606,0.26102987864482596
3.4124617825865653,-0.22184762191325194
-1.657328296412368,-0.6823426763412479
-2.785176735701143,0.28934955228544496
-3.553211046673016,-1.2874632544626257
-1.2156361559100597,-1.4938357648692122
0.3070272190555399,-2.813318731251701
0.34864326232096715,1.360745144043515
-0.907085475376595,-1.323791100476435
3.1497096999871106,-2.2377252974945088
1.7413109510702554,-0.8030948664430647
0.693132987031197,-0.4117362470945961
-2.368521701964766,4.286920781976316
0.33896615815326425,-3.2170571444194094
-1.2315647581768312,-0.6700010202940772
0.7984366609606985,-1.3301263632345297
-0.4471921699216436,-1.447491380163325
1.2216197994665816,0.4327464372524453
-1.0372704967393616,4.824337555882618
0.3464898771687333,0.794150192945786
1.2806895272070022,0.6756689737874072
-1.9219127039814394,1.3369832714112753
1.071595164317861,2.7489857934471105
-2.2645978898355392,0.36933198901491304
-1.7631038899790876,0.5385447212897014
-1.5127615552541387,-2.048283661164962
3.3716615658396245,-2.670094006900148
-1.8329947133397744,-0.6862854072804642
-0.916686993643026,2.1768311661191775
0.7461890413372886,-2.709631086126698
-0.17566062821854272,2.4608069300334656
-0.23676847944164647,2.386147784966298
-0.706731364529474,-1.4270746898553814
1.7027987942038674,-0.8510546305879554
-3.7979187318387746,-1.4964542857851757
3.260180962012667,-1.2424525676426983
-3.0816836981022506,-1.2370657319038303
-1.0282570483793223,1.7875612969400838
1.6491061248060372,3.6829769566910024
1.1590279821531524,-1.9105465515265605
-1.3475343802279103,2.863126900476378
-2.785452646626572,-0.4537796940677315
0.8370290793391323,-0.8291113523926765
-1.0671796187096634,1.2527149935794535
-2.8101206031452595,4.549772632597128
2.209525630731355,0.2705225374408237
-4.1614765913533445,-1.299176386238731
5.469310675726594,-1.5980666896172149
0.4182873791813469,0.02433744653901059
-3.2816913999993242,0.8588174019844438
3.932553256743979,-2.0752672712710565
2.731114132350618,1.1383008571729942
-1.284646160347546,-3.281306534453192
-1.0929135450336689,0.4404536116034802
3.519163802707386,-4.3887392221498205
-0.08585149582018427,-1.8692780484235554
-0.9302974551551974,-3.5818443584255713
3.4203360560267746,-1.8456171244454207
-1.3401003931910365,4.119762617096548
1.7532647358911304,0.5210801732846249
2.2907048403181336,-1.862714596542493
-1.149434088475729,-3.667906680795656
-0.7344288806462949,2.4376980476730297
1.330294998834143,4.028627276650857
-0.9544368789695338,0.23694722835795318
-1.3374340645924787,3.2635297914837027
-3.9032866305747653,0.8894200766142822
-0.07572852146545092,-0.27980081852350125
-0.2099004707942659,-0.4814578425551362
-1.6110152620416924,-1.7896489455018516
1.8320853486313438,0.12691465483807685
-0.5412424307029441,-2.331722864333871
-2.9221700739745895,0.37275027594025106
-1.6173908754815576,0.40994640982786446
-0.4632464179030757,-0.7154540533416921
-1.7934387747356733,0.9896502083581326
-2.381633650480584,-1.4622162875958624
-1.240924467667784,-0.8433097130862334
-2.1249335807395022,-3.5790151764700586
-1.5279317393546439,-2.0908545144158808
-1.3444215019018604,0.43371739472500204
3.322731180746109,-0.6363447412311622
0.13670558978983177,0.4315357500786685
1.2756409327719969,-3.0304076428866242
0.5694931319604394,-0.2619163263948037
-1.7601650912160351,-0.9870596434097578
-1.8128327179535724,-0.3374496788684373
1.4266604804364083,-0.010146968772879704
-0.7953111062494803,-2.3881739291965123
0.8314518202011904,0.25517958229547316
1.8945181563300386,0.9486358820453225
-1.8561855807536984,2.670501052460139
-0.5927484849138001,0.3129511926108579
-1.3216919728732648,-2.327547540524216
1.293620299417152,0.028236893190794397
0.15918611157607312,-2.690300464771101
1.7845796058017906,0.9138719827403733
2.139792266660307,4.986822308243063
-0.28923209192091787,0.5730832064433936
1.3923213656237798,1.2831748628954236
0.24954615941443564,-1.18930630638498
-1.7006669559410705,2.085454552686867
2.0042774446820015,-2.1916524235433417
-0.6314200980815828,-2.9371215924432805
-0.20189399911381958,0.5948144423388145
-2.7515286727914012,-1.996742628056645
-1.6191191723280454,-0.6787756415719992
-2.0475281597519857,0.7714765686746295
0.4108510329954338,-1.0532733446662013
6.317139140111396,1.1936385071025728
1.605089621126363,1.4470447465715508
1.7722397367683518,0.7144637915782841
2.2279283610361507,0.9516355780708812
0.20165043729562043,-4.4461447023938385
2.822324554438397,2.670013426538324
0.7038372042318752,0.7024197575032571
-0.15443037691928774,-0.8814671872078854
0.18835119781615883,-0.5942240713349983
-0.11757513206821038,-1.3684731980313092
-0.9569088971428683,-2.542619980031329
-2.3667906334243174,-1.0166246714309857
-2.0441067303852023,-0.8109984433399813
-2.2170380351053445,-3.807697600688527
-2.125282282194472,0.9065799972787708
0.5778679070449751,1.6804773554261472
-0.1509803864217291,-1.1114844196628024
0.35576512595144066,2.1733819703949755
-1.348802479508576,-3.1861597189214823
2.074549469924505,-1.7122750927593495
2.5309602515795104,-1.2246571635714876
2.238157804729015,-3.6257353813541044
0.2924986569431851,-3.0235033604227346
1.694762399373966,2.306007657634342
-1.17796012947617,-0.6302498580272253
-0.436062384605318,0.788553795530063
0.5740217598892543,-0.7489361881531832
-1.177330443265758,1.0292570766302251
2.9001193984737372,3.940178375755244
-1.3238030983262352,2.30375241633971
1.415907427438989,-1.5325793064615383
5.46241069623399,0.6545879189862582
0.17269722031339593,0.46023334637907753
-0.354054092156388,1.1865874990232523
0.46822698332467105,-2.5913448066454343
0.30025592938921414,1.3844518053913146
-1.1928959423150174,-0.5493893534844582
0.37678144135310065,-0.6818123923840311
-0.3792362637553953,-1.087376300131509
1.5206584793891427,-1.5458370115534728
-3.5737770565135527,0.017088787936666638
-1.0011830735329619,2.0385845624620313
-2.1376369857629154,1.2600655094060484
2.455133769988615,-1.5133347595447877
1.1472362956205464,-3.7032263072270215
4.9803503685296,-3.4702180389714954
0.06986204076079584,2.5018549515096806
0.30170081814660715,-1.5496091640642529
-2.4160846073469737,-3.35752368952969
-2.5213172206108947,-2.0230120453734317
1.0154238042979384,-1.7641976043663998
0.42262684671646067,-3.2992278871287533
-0.47808217916889445,-0.4506431994261461
1.4789776596367032,4.499942632474046
-0.1126076444838074,-1.7760609314816898
0.40273747045162445,3.2761512899630976
-1.0306955147640322,2.070439047080362
-2.124702974545541,1.760067492260528
-0.0184658576807704,-0.7098707656133848
-1.9605003567576829,4.254732970588449
-0.9826599269259337,-0.2478810857470438
3.5950042811449086,0.9353408220472232
0.6308747816461251,1.1240639768720948
1.3958993211063222,-3.7626127071138304
2.3336969853349703,3.8027903567502506
1.174033103693135,0.3931734240711006
-0.7937711488162422,-3.452002649736948
0.44802077171654625,-0.2918020378036956
3.3305157551152944,1.1672854391705139
-0.5185323000411635,-2.4786345391147204
-1.926455474646601,0.8213202553761301
0.11646161715347138,-1.2019046998622016
-0.7428276352989186,2.4445063883109293
-3.39086598998159,-0.23726277533442125
-4.885146429597152,1.8278753875296205
-0.5904828107754526,0.25646274846674433
-1.4022041162510688,3.024526149716059
-1.9263094456744507,-2.4072529963241287
-1.2322063254554896,0.7451571917241407
-0.4751249138944327,-0.28850565853803867
0.6795208639169507,0.4087724014471499
3.351758622413396,-1.0800532932198406
0.09672453786660636,-0.8898028589288329
3.4725433981384857,-0.7580327745701773
-2.5949870816784615,-2.338322536392722
-2.39321040053373,-1.9667759929163955
-0.5126016172957301,2.063133686890202
0.621804274928408,-0.4695970960482931
2.7764835588922954,2.2118445009653436
-3.2647762936859888,4.9491174015859185
-2.2751965532229095,1.580684097072627
-1.005039921773072,1.38115881315318
-3.231663129859981,3.3010894089186418
1.5611094590430827,-0.5621618848814462
2.446674892235079,0.26014916696928775
-1.2506322393051033,-0.5430583095209172
-0.6059995002667711,-0.5313739269698575
3.8167154866693638,-3.3885096906566257
0.0572009950719423,-1.6644997426987016
-1.64870357802463,1.9086755648060976
-0.766284374261152,-3.443911546192492
0.1671710544282839,1.5919635313284088
1.3739710220331858,-0.3224186177663531
-2.183770174945399,1.4845806184458712
-0.623059277058332,2.0852626567104897
-2.4113571199198596,0.8610817415483485
-2.7707893552873157,1.9314506077787965
0.7347898697560649,-0.43456208773383687
-2.5950145149713504,1.245996309910784
-1.0027026952534404,2.2975452628313477
-3.2103734677061992,-0.6871023165202468
0.760275219530706,-2.936117272062177
0.4087573355439385,1.6372991793564105
-0.44730932474589413,1.1442477711123098
0.9709685048403462,2.5943943539515284
1.488516915792625,0.4331969648267609
-0.8506133434606714,-0.1442734553020003
1.1610081275222328,0.10781074508975812
0.6050095883729347,-0.19647936660526327
-2.3653806334090466,1.2327288731115396
0.9750630497053532,2.603133664608551
-1.5580948064685547,-0.27212177675949223
-0.22664016362639774,0.5655796918258169
6.1916183455884415,-3.6928777682181697
0.1459925758315068,-0.6896605402762793
0.6905952954893367,-3.28431367852642
0.6571227492104075,0.15895056264343488
0.7958033722536262,3.4117448810816313
0.018956469735578872,1.2585792543756325
-0.9722307612453253,2.2450601064541287
1.667483119740137,-0.7532196697070748
0.24098697618969322,-3.107221819749765
3.086780656384471,-0.763241276883645
1.7755261070521269,1.710573925769591
-1.0100118720422093,-2.4328801754350007
0.7117752017388542,2.5706340775890686
0.3800415562599537,0.9124548114780345
-1.841551690746331,-2.2883395556708965
2.0063847124717853,-1.667254402301141
0.7734982826086616,2.3889407667405904
-1.1398053724467883,-3.332573814545779
2.0625739095380022,4.234035574143467
0.09540134148459584,-3.3820139786281693
1.0425859815932499,-0.5542556483314438
-0.052563253077123374,-1.9196676836550886
-0.5296593166463337,-0.9218413446673126
5.885840272222636,1.4360052034985935
0.30447955298328383,-0.889124914981804
-0.19490031674445601,-0.441041079821763
2.730126562888146,1.1119692057771868
-1.5672923112795454,-2.529797782513506
2.4190219072349377,0.7532594886202332
1.0957253641711737,3.625964217767249
1.3357000696702284,-1.6864516034198287
0.7345796471555351,-0.915344918450248
-2.3641278438082143,0.5871612400392872
-0.7683593226913119,0.5101288532830133
0.41183507122203905,-0.561776132966943
-0.5646496125096181,-2.4983384706927274
1.7977685067464888,-1.172380646452431
2.0929404754125183,-1.3388208892089368
0.8793266643061962,0.13264412544284188
5.033468873944027,-0.015752657053547153
3.5722251051095193,0.9605618362899567
-0.30794144385595057,-3.4749048031310306
-0.445178904357475,-1.6450519601154365
-1.5511347441811898,0.3884008703426933
-0.31061193619346483,-0.93791912977649
2.949691997147505,1.179832216237979
3.274041800153948,2.9074597224930656
0.7604963034877403,-0.04829797827827896
1.322419826181402,-4.127783731343214
-0.13495249311287966,-0.5414232677002763
-0.6532544879091966,0.8309685189183132
-4.030308352083717,-4.397799402360628
-1.8786146155293872,-0.6375251434238669
-0.07043542348530185,1.8027188873898703
0.31463633886285797,-3.1327012956049796
-1.6757741273046993,3.101297609971971
5.551255943080932,-1.683809048383988
-3.046004335922855,-0.6513683962756591
1.723163574745768,-1.3497077954285512
1.2295285140955126,-2.5848735647695813
0.9536800590325033,-4.64547471186957
-0.6922398701141615,-0.7773273505903807
-0.2428016597264892,1.5068699624169766
0.28530104374906656,-1.1915603695225048
-1.3864108201662426,4.874645048204733
0.30393052489178857,-2.7443522928644972
-0.9411604624771795,2.4529109496972676
-3.158811439259087,0.02729865866486159
-0.02733440853855236,0.2099669020651923
1.5833368047632204,1.6066957226680945
0.6740198228260145,-1.4964918768861006
-1.5809663302980428,-2.137670384283547
0.5530326134954238,-0.446686846386852
0.7191277805098003,1.8082132904789388
4.057282169593692,1.7010976008879077
1.3905220763703778,-2.1174001556554183
-2.68302600817672,4.2325543889279
-0.8698169630878643,-2.927288631430402
-2.48830992135117,0.34807086455256286
1.23746651343485,-0.5498154667099853
-0.8283035226971939,2.3966211492184986
-0.8041359076182839,0.3400307348670675
0.9153180964472213,-3.280384188925572
-3.42555472005926,-2.5718886263073424
2.111353979251686,-1.4927475403075112
-0.05910396035118157,-1.4582921131905093
0.4113498811087715,0.4355271196396912
-2.2615020829690993,-2.294416977679858
3.897320811039773,-1.0104026250099067
-2.2238314254835116,0.6280078806925633
-2.1125490433127054,3.6434175178972974
-0.3250839134996527,-4.513701459997042
-0.49933828104608885,0.5829182829265579
1.5180006061017624,0.05500521277842492
-0.9548180042439973,-2.564910685748466
2.1572324244277223,-1.301136055756776
0.5188477145513944,1.203528470546516
1.0716911411857288,-0.4383873919735244
-1.2269890741341394,2.8045700732784313
4.465882135315019,-1.1402097385980026
1.1010359349699907,0.9830846657084344
-1.5561345889195084,0.14858025587674767
-0.5268122039476858,-0.26762230701170575
-1.1978513628804452,-1.0702238261231403
2.3447542987945305,-1.3663446742715546
2.1904082433627425,-1.040599410955203
3.2716540070224123,-2.3561613555426715
-1.2216886193753087,-0.11244056832384178
-0.5864379700958912,3.096824291906307
1.1381921909050488,-3.2697196412475624
1.7194413137308449,-0.14832366200536642
1.4293841919044086,1.476098100588419
-4.190209227727368,-0.9686400296580524
0.5187210048891174,-0.3954661408488632
1.0980854180414787,2.0694698608311133
1.50664875694106,3.323623856996176
0.7308217537285171,3.083592507921066
1.4533114564805119,-0.14401361998216944
0.34602069152407455,-0.5419963566104236
-4.009828109502504,3.508430956435516
-2.5475447881902418,1.7209925479563497
-0.4786941682976191,-5.323275973395086
1.0657343124624707,0.2714556766047944
1.7062579117139214,1.5459999332251062
-2.585304461842075,-2.00037655475216
0.5962198897938373,-0.2679042774213261
0.9406054592269985,-1.5904317366718372
-1.1313752850144754,-1.9756416316214145
0.9233209717166071,1.636600320236558
-0.24668292518049553,2.938309714918754
-0.5760628037734128,2.2540353127796724
-2.443917151225026,5.476469608057417
3.89077101736343,-2.439271778693328
2.910249447219925,-2.852251871610818
2.4775671501314394,0.05695154546054041
2.838092460846188,0.42061606599394646
-1.335739930471335,-2.021441365822155
1.2848872418482953,0.38228058779683405
-0.35211251822019213,-0.22335134085422184
1.740527104405121,-2.6088480608124467
-0.4894471032035408,-0.521406939077084
0.9680324518820522,1.5736919679274055
-0.7172723273964194,0.18547947706671591
-0.8850442698736825,0.14883075299403625
-1.2417023597802779,-2.7973313458041544
-1.603153423872335,-1.3781165864130127
-0.31519013637623494,3.488544348927747
1.0032391025501983,0.8080043841765291
-1.206364461943817,1.0365550390254135
0.1737893259896212,-1.0047930832738887
0.39313251603979166,0.29277904540467514
2.753692432365496,-1.6921570631315057
0.6987641240026972,1.46835356376759
-5.1146227252458365,1.3615287432864893
0.1061471579407115,-1.4127608914366228
0.5526496836435938,0.7442481170764328
4.715845316272833,3.1291729120501386
-2.1942875219654123,-2.6726905134090395
-2.185432805794382,2.56469444961865
-3.274497397960653,3.5528031354609695
-0.7740372321869168,-0.3773764660248999
2.396967081235408,-1.3180654420321918
1.6647648796496919,1.8696403473765375
2.3928113530016115,-3.3035748332671635
-0.7476613081431782,-1.65331113348125
1.1777256873364652,-2.207755665353594
1.9609564136830835,0.16798092566482056
2.632161189459915,-1.0127583305853562
0.9642444277450187,-1.6707696591653773
1.010237891833784,-3.5142802507953057
-2.139393645295677,-1.9444274431906539
-2.5531548632894325,-2.347299505472402
0.7550915359131146,-0.18415937063146767
-0.49430062794828583,-1.7563748716926104
-1.590815624983153,-0.16592240251236115
-2.4889123872970784,1.6523278186666197
1.5290391869069222,-4.040316612403006
-2.008685178056914,3.043445792615752
-2.4751444827853097,-0.3438877558754962
0.18746019398381938,-0.2766400487680366
3.8320166410086194,4.178401750212966
3.4472119407034016,0.6605902203997496
3.01151049768547,-0.21020056848981547
1.868951414219138,0.21135855502597084
0.5070144505108195,1.5007418848171512
1.3879082549775688,-2.874229053010294
2.7662316512645964,-0.1917975274620909
-1.110455635430241,0.9270005479500781
1.4467237902809669,0.5117802706246126
-3.1603428725726577,-0.10684612231776518
0.4064892852462125,3.9739113893037725
-3.9221964138344934,2.1748796568004174
-0.6157797015818711,-1.748051165300732
1.6829436300997094,-0.44674567071914945
4.0166374578360005,1.8858062618254068
2.4602860696464193,0.1720134356072217
-1.9858033995268098,-1.1876370904742641
3.281242796456434,0.31196020130590685
-2.0467933246320826,-0.08404994025933081
2.225064178455168,2.071075004514427
-0.5166910124370874,-0.1802763913592755
2.029109831061861,-1.6506006206599837
0.18888847788422694,-1.3711247816085261
4.256007086036517,2.0280372261252673
0.7014630943770386,0.10576664947203736
2.271224082750729,-2.958828568401512
-1.580351938823806,0.34426612922555877
1.8330399258877277,-3.81366842192408
-0.962002581247107,0.6535410086315818
0.15705887758520123,1.9540765451746904
0.6340153400761408,0.012176539138710368
-3.4246403815100073,-1.0803897630858212
-1.2998047449211982,-1.5087421247381083
1.3417349627261865,0.7541318110946341
-4.940559239839305,-1.4657377331744772
-2.4007529034511013,-1.7995180429510975
-0.584354120599333,-2.5179978246838104
-2.0883799021839224,-3.689641054260434
2.2465727009132355,-0.0509591510028481
-1.9686285478725087,-0.39602437043803634
0.3414648446673138,-1.511454059083584
0.434301877544065,0.2982667798916148
-2.280604473756558,1.4695437071512674
0.9927542183772327,1.7142222137207388
-2.356716646527521,-1.0138032895288915
0.7563970888515079,1.487374170235221
-1.1221620654858175,-2.4594707373378366
2.2322941822142854,-1.4673480448202796
1.8281274510284156,1.1596346370816488
-1.3522731994968569,-3.22039124422575
1.5129718264841021,-2.28194705014895
1.3309109006295294,1.0872559490360993
0.8956580517067894,-1.3014853517614364
1.7572780597365463,-1.9962066570978447
0.4248345718632194,-0.5612630095207922
-0.5865945337076754,-1.767173555512117
-0.675395512645297,-1.7700052039658716
-1.2734323067887678,2.905671832094576
0.7525540946994819,-1.237609941689911
-0.7381980017298341,2.9887622993800544
-0.0407927776640546,-1.9503380271385424
1.0785095835459393,0.15019106334261167
-1.5490603197946387,0.3677652842981933
3.825833214932101,1.179009195107799
4.666091373022712,-4.449161548731454
-1.5857310789754142,-1.8246573790383682
-1.0547766363156719,0.948425661061684
0.768831611110562,-0.7379089867065879
-0.26899012568886493,2.1230328483745717
1.816744294011358,-3.292940509756472
1.4217600602089189,0.28307628565650783
0.5431858956796837,-0.17460907802499953
1.8234759366310818,1.5823299267205275
1.65999176691418,0.8949620633281056
0.5506567345711905,0.6209631813008999
0.46411117885461056,1.0673238770451658
-1.6377205585268932,2.3738944186779287
-1.2616049018995243,-0.4960230272262261
-2.3658000882712638,0.9448455376220591
-1.907401574996988,2.0792019719445913
-1.0230859075562329,-1.047113447494408
-2.1791307230825945,2.292119979086241
-0.15256758966705658,0.9107305317557386
2.9026192813660217,1.6192222306161799
-3.528718430350246,-1.810998431955522
-2.540260365911142,2.0843214632974116
-2.5803094002070273,2.787266307597352
0.7505443489550987,-1.2757897963096396
-0.008683044094315103,1.9496575428778624
-1.8143215335367724,1.481624724118956
-0.4235410887868929,3.9500947627690173
-0.35636597250875257,0.1745115399746103
-1.6014100332253742,-1.7072743548239944
-1.0229439514215397,-0.4612989612123282
0.4778878504286762,-1.4115046051358386
-1.1928426684141902,1.8506410810711174
-1.1074051201875073,-1.11995751298389
-0.7663769131537889,1.2546859099360141
0.2887979588358418,1.2468185135488465
0.905803823480032,0.31785034314252597
1.7977702521565686,0.9002823524588128
-0.303739523552671,0.17068051732722422
-0.21103464187052876,3.2724323605307073
-3.113288930055384,0.4474244463232922
2.5901683369999864,0.2620429406072815
-3.039313976304628,-0.9212374733434523
5.218467820057563,0.3069916477645659
-1.9232920812322183,1.1965416534198627
-1.4772584388912802,1.0419084406918542
-2.3388293345953386,-0.5896508982310366
-0.1985563418805373,0.1354670589938876
-2.0871511290244844,-2.9499118894402754
0.2894540571047243,-1.661526601992286
-2.01612274022505,-0.05154258097665265
3.2232523393664647,0.20959483407640525
-0.8211262420555692,-0.058883601204768134
1.3295890284671343,0.9722638219518512
-1.5821949962824857,-4.097277436640176
-4.832160168033429,0.7367503021875275
2.2104237645978415,-0.5030094563773907
0.1601631743901405,-1.832123096649514
-1.0246847194200146,0.29306760046564817
0.40713882223793346,-0.8655453481317134
-5.266398973171686,-2.3643588439210723
1.3678990006461524,-0.2884650246711017
-2.403590136584192,0.36115301016096335
3.140162804312794,0.5944389786415798
0.07099927128386486,-1.0011747938891675
1.4402322538353216,-0.27681411471658046
-1.4968962692925307,-1.8408178748770394
-0.094469405574989,-2.6958479160140856
-0.39900741229907355,0.38520983318249674
2.9511680156220357,-0.7303229135102285
0.3410258816784309,-0.5560386358590979
2.721398721531003,-0.03295883414913329
-1.2140523839852173,1.0653060673829098
-0.5073600689264398,1.3172752266009669
3.273902221734117,-3.6932354850668756
0.11987789057861074,-0.42708470884650573
1.394520865985008,-0.1485547549116564
-1.0663581483581241,-2.298672367847826
-1.5344183934146032,-0.5527605821963116
-2.0007369294685553,-1.1204788739817597
3.5486702633865232,2.2502964951252564
-1.1135466168777093,0.37718611016232045
0.156892128889563,-2.9735544491552117
0.15619177711625432,-0.6904855729805521
-2.2462053993518825,2.6407847679776664
1.3000263925516358,0.8617191916203507
-2.68254725229033,-3.663838624985924
0.8031882420637112,1.3270836659226288
7.12013104935674,-2.391497078180988
2.88565925119406,-2.1698854114611295
0.3585530743060048,-2.3526756896802334
2.992769544691842,-1.2152846919925888
1.922460101158065,2.3789832128668187
0.6303981338822566,-0.8264870994112935
-1.2372375901220167,-2.4128806267583327
1.265768704923107,0.9839275340774349
-0.12078182346265348,1.321791663410153
0.9020035369809983,3.9405064656059983
3.6330939358821936,3.8993498757630007
-2.8241958403679246,-1.2387374279700516
-0.04032953481143757,2.4516576473898937
0.07901198121294291,-0.5003102226751347
-0.19720104702724067,-3.0630785441695156
-1.4769622592235443,-1.3223495901338254
-0.9645291330364189,0.43476142694499537
-3.7345316387224656,1.299397900993135
2.3215951660189798,0.7725402508696744
-0.6259517550242896,3.0719187788707023
-0.2657668347345894,-0.1065770047875696
-1.1833006400637622,2.9102111591161237
-0.6453364985905301,-0.09106066916086183
-0.9847110587987878,1.7172985293680003
-3.6729130282284004,-1.035067470355304
-0.09284832370040197,0.7739936513581787
-0.2165043107487452,1.753085060439606
-3.7068451708073695,1.9868083815597226
-2.545801728017219,-2.872429831825024
4.343229997355481,0.7255752924912052
-1.1045216644901106,0.9343127578023865
-2.394196258065456,-4.697819784768238
1.2592309785349602,3.125874016327935
-0.9538347153597951,2.410513104900996
3.0485407518315997,0.4891211960114131
1.7708986016850439,2.7344700050849147
-3.6459602735596413,1.0893229789597794
-3.582530339851596,-2.2854968551235446
2.040357990985864,3.9572317285952168
-2.164873901891089,4.552804421565162
1.254829429738288,-0.5631361318119802
3.7148613104576924,-0.14368826831431342
1.6762260257471526,0.5539351072586831
-5.451895826814097,-0.9871887519177777
0.20730217817979482,0.8884648570371962
0.9239776358841723,1.0918685860399304
-3.135515591533643,1.4060687334387558
-2.673229929532572,0.9679456392546265
0.5299609112608069,-0.8628546851351914
6.703993949879684,3.7206548695814776
-1.7339474484785853,-0.7953384888798952
2.7027508367612585,4.953566929870033
-2.2112625096220913,0.23580026965647774
-0.02673943969483456,5.80166799237334
1.6603101352725915,-1.2228215382786856
0.1568285432017302,0.4894954420968696
-0.29654533357073715,0.08652011520939502
1.1743616205516987,-1.4360809291045016
-0.14851103816877695,1.4334617190421421
1.320421115257442,0.9118458874724706
-3.392742460441615,-0.22711804619076392
0.6593191748215783,-2.0951426935962005
0.6712846499394258,1.0730049742448207
-0.13777435945211114,1.2981144268027174
-1.0187011809301956,1.2640948250764323
-5.777210590993366,4.2246341102563525
1.5039575913613599,-1.2531965255946478
1.9895121821800135,3.1489501680483114
-0.5806334987235086,0.39506606721652326
-2.584039915590412,-0.2253057418183674
1.1556528126478662,1.5798940576231901
-1.0099771971708937,0.1623204316927543
1.846918523338619,1.743242741403981
1.1891942050900355,-3.3336691641970253
3.9439875116747527,-2.3488995288849086
0.15938713433016974,-7.4162356624820855
3.333866834094348,-2.4214835547669518
-0.03178658642411262,0.15752795582204676
3.2209126947313047,1.3943679014448889
1.1116973258748888,-1.2421735795396964
-0.33259894310848276,4.376773891385961
4.199862865021663,2.4087069540453543
1.8411256294815155,0.2467310504644016
-2.706331081789554,-0.5691755236843044
2.8236572294798745,1.1976500247726123
-0.8128094410513053,1.5439540360808142
1.5553571133060156,0.25796617925067544
1.9390746712438154,3.6644708631864984
3.384964123642456,1.8703823387349023
-1.3838035611788515,1.5600788578070437
5.00558683344065,-0.6822132701933294
-2.731564131291449,-3.47922345040007
1.2660764921521017,-0.7839276609495415
0.27050769444197137,1.8742619809320762
-0.5374058918400927,0.805075298560728
1.4629177961029851,1.2412554795817137
-3.8348251155112174,1.2822486086640073
-1.5322327181685234,1.1982322737180044
-2.0066660388607502,-0.8299514924035388
-0.11661987549082281,-2.0720886680105393
-0.9345213512068172,2.811057933489137
-1.1164239626929084,0.775930377328675
-1.7531953333979537,1.2347056350119148
-3.3752036314532177,-0.34851816340594866
-1.891807183678803,0.12662549763474046
0.5747220942972122,-1.5176016754292911
-1.3416358423793018,-2.348598252871045
-0.09720174517921817,3.0026053058359317
0.6418050632708496,1.3790599303436348
1.9838542917340343,-0.75034592377945
-1.9446973792482511,-0.9644935461744306
2.489267391437444,0.03920358669314765
-0.5152124401857923,-0.21853242459827307
-0.4280275364229558,-1.592109541367362
1.1180237671414945,-1.1927351576481127
1.5003711344508492,0.614333505045863
4.346773391709164,-1.3736576557319642
4.781776805731655,-1.6298825405185244
3.097515940211687,2.0540571492262822
2.177814122079234,1.414556549048121
0.4520534002241931,-1.0231880580152632
0.04980144965554049,1.2362631158959003
1.789248179480486,3.6405566856676663
-3.4454329379392608,-2.2896043127820755
-2.968904040705258,0.46098345029166826
-2.6411877103550205,1.615530481837069
-0.4993631811672646,2.036527000363215
-0.9220800878135879,-1.0710954061075622
-1.040433696712826,0.03052247692687684
0.7507483024765594,3.362746240348788
-3.7880004371011924,2.02594843849817
1.1031092687026405,1.3392034613736519
-0.9804026725486057,-0.11166298188295427
-0.0718650641270312,-1.8853336684647137
3.092770456321153,-0.1358536021721361
-1.1738436460113086,-0.35815549179582
1.2725052597375035,-2.536865219398448
3.4066294404747435,0.9182821803853015
-0.10270241708659253,1.5707061597657885
0.09071171846614233,-3.2749602078206004
-1.387114709257748,0.34740888348320265
1.0928122300646461,-1.7028306529781023
1.7395508827571362,0.1678025089696034
3.8857108476462963,0.03993239112304333
0.9278894983871057,1.455246090495587
1.024248862074897,-0.8842889790873156
0.4557434204998517,1.4668907363247028
-1.152415826313194,-0.9440244544742267
1.6177411194800895,-4.610407804477063
-1.551776268825864,1.6482613797358863
1.5127712823128747,-0.35503055776143616
0.2570622939443249,-0.680272294313218
4.9056427767866735,1.7451670437537279
-5.086129885072273,3.1725547456384664
1.3497467662811993,1.6887239430678516
0.7645041020137151,3.8528272600504763
1.8969844314059872,-1.2788890587321
-1.509146482544965,-1.715187265252334
3.3300291139997924,-1.4090411495614903
-4.479674766066789,-1.257130377935925
-0.7281065955656199,-2.4554699989969357
0.900452727977529,-2.213427641466895
-0.43122399647949383,2.1229203712861726
-1.2454508648464468,-0.3062077623102025
0.8706244784160224,-3.632200589084166
1.2315175985142668,-1.4346528559192364
0.15889360963870552,1.7622064550526257
-2.1899323744546586,-2.9674972336863674
3.499176897490436,1.7590536179916159
1.3393136640474095,0.43862274163864495
4.333214542450703,-0.4743774907486612
0.48021089485558954,-1.7708265824844114
0.6124826683103838,-0.8713288342732295
2.7707865820370747,0.2237031462822017
-0.6254108879986311,1.4134348295219654
0.3105594801185082,-0.7944504519231664
0.10169859817674741,0.7224657465711725
0.42074930860377785,1.2958180519638174
2.2139365542155556,1.425214621827719
3.4165612154668437,-1.237281178671607
-1.8553431544588814,-0.1906097351546995
-2.4904501366503964,-2.3750810374625257
-0.752038744538855,-0.2241155724579842
-0.3467972157339913,-0.6071271227909636
-2.315833131994042,0.812338841507955
1.8104918170434767,-2.75388194351427
-1.9383700068281255,1.9148711368932432
0.2943306082659481,2.6068116251855464
-1.4864243088483338,-3.3990296831060887
1.039149855933764,-0.131502379367706
1.6149417699561701,3.473510613424713
1.2023538404423701,0.7932527079219248
0.0065005982482647644,-3.805382949602231
-3.829102417070103,3.427915853437557
-1.062166660364775,-2.0548463465452187
-3.7464207558411684,-2.6693802637220814
0.8193201823387206,-0.8764029674965949
-0.16489013217724777,1.5247025725608128
-1.3192711880208647,1.5015418581202307
0.07831908228761988,-2.525547286059379
-1.5829785017810465,4.370656943116264
-4.621239554885202,2.360368891559793
-0.38608255335258584,-4.45793968876109
-1.009830677337657,0.07019515635879867
-0.4050964267030147,0.6727041711058335
1.2601635477815,-1.515364050901187
1.0886186010454506,-3.329380131146883
-1.3968491605166735,0.6179330667481786
-1.641829303633117,2.5208441638852235
0.4948326056881661,0.06820623073008933
-5.538709286600485,-0.982642293855294
-5.45196210664318,0.1529314112598716
0.5676630824180497,-0.5034926725631749
-1.168874574589817,2.2193733234321282
-1.86536068413518,1.458346561917452
-0.9311520394629992,0.7436412779266828
-3.326539221182267,-0.31229318174171994
2.3921534393986716,1.720996609464683
-3.4919184264709915,-1.4924009761584849
1.1201776909776688,-0.21934259385023788
-0.0031344645355584886,-5.871619985874216
-0.7480098782182616,-2.4067950582286652
1.052071800709896,-2.2027085524075525
-2.8600240425364625,-1.3156768629716227
-2.8300023064644555,1.0753373890030025
1.3200616480056,-0.6012672621803119
-0.523535125167084,-0.37584289780096064
-1.918853604768283,-0.3465447243844642
2.3592784440946954,-0.4427333976954615
2.4232642151390436,-2.1613365864519407
0.03326481743674631,3.10520965789231
2.6414828465257036,1.8245738006416234
-0.4434429493766598,-0.12409666717822491
1.081198334587865,1.9597179246493037
1.4920741955411103,0.6467826079861796
-3.34858885844495,-0.7996687227815281
-0.8309069106485525,-1.5427098837590134
-3.432914782313532,0.46280064815830313
3.525634416211039,0.16060358948891423
-0.25402502475352845,-1.2159969371444999
-2.3295092939984765,0.7263787187462545
-0.8556678833084198,2.0748414287251937
-0.954572612370584,0.24737697886303278
-0.33345286264556845,2.7248880013148065
2.006773476634632,5.250617986223921
1.7067011626486388,-1.1490410877388315
2.2480474046069925,-2.240127512233078
0.6136631692329142,-2.914951905341235
-1.2558228958865607,2.1765911115782295
1.6415212469309732,0.9993195506403972
-1.5315511375570512,0.4418884322055327
-4.783636576903967,3.196356897752367
-4.7059082446388025,-2.3438736303251826
-0.6048407478755219,1.6481505329295159
-0.6102478343210328,-0.40592848011762217
-0.269763450538285,2.1956931794845476
0.7582669364972935,-2.102576404240465
0.5148467876594784,-3.825729614895237
-1.2718224613104765,-0.9348450628967007
0.1942737043734289,0.1591121760986055
-2.195893304172674,-2.8651078721261327
-0.7844224478667892,-2.989074454812559
-3.0263294583356832,2.2520998844556397
-2.770275731804503,2.6305085458410913
-0.7161493928179054,-1.7830152440018043
2.155142062469682,3.4642344471580864
2.8168653753902886,-1.6397279068286221
1.2621070524825353,-0.7121878906187681
-2.842002189040054,-1.67394691086724
-2.244346116972786,2.6356804448527815
0.2968926509061831,1.7462893863396909
0.3149336787303753,-0.17256002160943795
1.1286191767966338,1.9334326278443248
-0.06847596398890021,3.2648816618785657
5.6406681854216325,1.843731744772011
2.2634075051132068,-0.3183731175015287
1.9061745458124255,0.492384108773423
-1.249274802438572,-0.6120576343215197
2.337497268541873,3.3224355393395197
-2.1526895090465588,0.31005109063106046
-2.3413349978018827,-0.3631743325421993
-0.1000858230292385,-2.169900537552861
-4.426018859048841,2.596631570467295
-1.05299733787226,-1.6093563326745295
-2.1808778057476483,1.3090829509278428
-2.397417609939546,-0.8702103619129162
-1.3956249707084565,-0.3115214733056031
4.457754150008581,-0.586016659722412
0.5578785484906202,0.36385188259944945
-0.5850468709872148,0.40319691334853175
2.322376186583698,2.589061367042502
3.7835780173260694,0.3365565753671697
-4.408355932442777,3.0020047789470894
2.1876126593535203,-0.6431747945993608
1.459427864543274,1.9712458153590453
1.1402675564464118,-1.9516740775271784
-2.8029478781028057,0.9674276600966139
1.538087121156122,-0.4742978183584998
-0.7904875646400107,-2.629602371871198
0.903210232633051,0.5780189275444887
-1.0837007442147624,-1.3943862225349895
3.88451368736398,-1.3145524475889425
1.5108160116219143,-2.0570468433834233
1.0440078959850592,2.339368997229935
0.9696676503564364,-0.4097790358615485
1.5911580075068237,-1.1454253700221628
-0.041910132617910684,0.5885018829268357
1.6159864303582967,-2.780085616729659
1.0761627344095475,1.337015427244417
-0.007595803919936566,3.111522363916686
-2.185288668908342,2.674459804891323
-1.541559639834365,0.17396046434248036
1.76959620783316,0.7767808032561269
-1.8560013908982,-1.356394803694027
-2.503808478614256,2.3883857417757035
2.6866531498990645,-0.2978209398783638
-0.7826084357990841,-1.1563601960049792
0.2974137753780025,-1.2137732882610885
0.22031569005937568,-0.3665403953916988
-3.6759733487204755,0.8150580976807376
-0.7950455023717856,-0.9521490691894355
-0.8087674692122738,-0.4167277675177676
-0.8126631186893829,-2.9561928367617307
0.1669074183987646,1.1980036786967798
0.006272831108414743,3.3164218611271776
1.6249093013375568,-1.940336448275786
3.0797100639794834,0.37071008845134296
0.009493024428461892,-0.2795746903239947
-2.4285982897915446,0.4786592994524568
3.1733022270325844,1.473323760880718
-0.5949402255733286,2.124105908118193
1.2402336389219306,0.33450260504267126
-1.3903098366351283,-1.8399659506496555
-2.08048825538163,1.5980502480851484
1.576983001564925,-0.839377108774251
0.17412489553114177,1.1850620023810496
2.2219020571743084,0.16262310762473778
2.0331346789807547,-1.69991510238992
-2.820737270269492,2.7308443901727144
-2.492221333222669,-1.9184824537662994
-0.9626290632812184,2.439951660218634
-1.818128510973682,-1.898209982033669
-1.748400819575336,0.05412353684247877
2.023027470595095,-0.7039686463412309
-3.299205713487107,1.3364249411808669
0.8608139948695497,-0.16019531644006274
0.8257165022430365,-3.100534729553553
-1.6824838708279315,1.2271276617394975
2.094054867807317,0.7981451733780192
1.47350805885839,0.9275786741299863
-3.7541163820874672,-2.021265819305168
-1.1004162056097513,0.3293091362246248
-2.647725847239027,2.794290433493993
-4.567068668140956,-0.6483316644346642
-1.804602412316949,-1.2262870422057914
1.5870707174472622,0.13873283680843088
-6.39561405684945,1.3974457781700216
-2.269041545015116,1.4246379795279087
-3.1991615237219784,0.2691313773066901
-0.0034022405704220095,-2.3372178934330043
-0.21618422972277304,0.5058911511406673
-0.0036642064458577055,-3.121861230121751
4.828823775895127,-2.279177123289173
1.043084387490564,-0.9799102874755892
1.4371489286758201,-1.6802088228485472
-2.9504393457199054,0.13194987568192706
1.6248072264458742,1.3938302598839856
1.677652281528084,0.8818580154177006
-1.1514293161499523,0.6603951277650048
3.04515546224558,-1.4061344596320762
1.0345404400067086,-1.3967759258050543
-2.997048719123618,0.7468260439707519
-0.28972275282986776,-0.811142999607203
-2.8180887967908044,1.814287877467585
-0.4229799971502126,1.2250827424121122
4.780551598159485,-0.5287688847040887
-4.3319440202042925e-06,-0.8528782677540487
-4.0641915943183,2.819697035904272
-5.721752711125813,1.070138426408607
0.03154245080348228,3.589464319926199
-3.13816840636319,1.6171801820310356
-0.3159856478198871,-3.849377220795557
0.8200301030467276,0.890009905778711
4.538084460679842,-0.06899836641207897
0.561675039498262,1.5133761982690626
0.6341318966477857,0.6258976928965443
2.5515283279568926,0.47500312832429326
-0.26217529470923506,-0.28546516760527385
1.512349099216393,-0.6237821455661283
2.83836835302888,-2.52187245867595
-1.6750862486324176,0.33923933314633015
-3.116765036429506,-1.9284307353711385
-0.18812759139485527,-1.2370890774931689
-3.4864225044002497,0.075569753237864
0.585577090052017,-0.8018377546395706
-2.1831832296132028,-3.1678750905143804
-1.8350430373827809,0.3210358646126428
-1.654558041792538,-0.7039015443899448
-2.415435628628781,1.8546559631917328
-0.12083642420896543,1.6463416925602996
3.358277441374502,1.0473248824081012
0.571411320869859,-2.7624684897460017
0.1601165359258033,-0.6992383927626891
2.940976073645105,0.20085700192627834
-1.810277842707997,-5.80958135773485
0.133451851903397,3.649944840525984
2.248148986451761,-0.049494022810151306
-1.6570039928512998,-1.4094211237581074
1.6853541785555952,-1.357002223366498
-1.7694624030453323,2.007662550297612
5.091034960378608,1.825131276823391
-0.567586097867284,0.7624915671386883
-1.0451589028422887,1.4052078746211147
3.8057489405340506,0.22362455550456672
-2.1889992552980844,0.510233617673517
-1.1190702182683328,4.125980266542735
-1.3641036339826198,-3.985985390773169
0.5161695018343442,0.28133926049741426
-0.23632470783143594,1.6088137896362351
-1.7758486951349672,4.315180880231418
-2.525575563299955,1.1113586350887377
-0.6780304581956865,-0.0013296540657441289
-3.558271021949698,-0.5143350898264563
1.4643419542063865,1.3089694015830167
1.419848601877801,0.5343429900608357
0.4734077691729469,6.478917356753171
2.576488203447679,-0.9391413523737172
2.210588417016436,0.285455156095054
1.2614167741379918,-2.3732232311350994
2.8614463228731566,-2.682094841780816
-2.1266686197562272,-0.8178608718273337
-1.7678481923977434,0.43441752928743765
-0.18473840188362708,2.9605454048606674
-0.962853933995104,-0.9456761781751662
6.135881080981274,1.3660603231440052
-2.022059558769386,2.9811111366518817
0.7599271453682782,-3.9926946327085866
-1.200561144361026,0.15718769304817778
-0.29646613312208037,-1.6358894639510106
0.3470642721639005,2.3818149809133313
2.4083844418706497,1.645660014018919
-3.3530027143288024,2.630986014501284
-0.8430803830960281,0.1937537216831453
-0.3825787164999816,2.8786587884317396
-0.8065192304142956,-0.41496415760013616
-1.9442635766192877,-1.6755944562396936
1.2776549974051692,-0.045314341821148435
3.2215648190417183,1.9090980241390356
0.5210948138365222,0.8090072226863019
0.07720970579176058,-1.1323637898228247
0.34296020327132537,-0.16459965274864388
3.0408754350517646,3.3000699959176396
4.186283312650759,1.8504148716228512
0.041016466920577144,-2.19716705309415
1.665590112384423,4.377264583649626
-0.7680909707169622,0.8611405171698614
-0.10404379024303544,1.6124046235403242
0.9655792950459867,-4.921943080562073
0.12142006778814136,-0.3491088041715457
1.28193198248972,-0.6084963549376933
-2.5649146971216115,1.7527099178086352
-0.7706047821131939,-1.2375138064070113
1.0096937726911113,0.39911090066728727
1.2015896972801043,-2.6396558032951627
1.4161161612667001,-0.05024069333919347
-0.42447481566226414,-0.12500484049812927
1.6619238638888298,1.2949822447559223
3.136518572741389,-1.5438326826450273
-1.36292877647068,0.8270293024719793
3.5617577652782764,2.6311224309067867
-3.093149527096184,0.9587751187808877
-0.010163121423437243,1.8356471264629277
2.797660999346357,2.373331691333292
-0.23832201614612325,1.101289954779224
2.426791469993324,-1.7473403397293752
-3.878591050920115,-0.5715811181566407
-0.8901336655226963,-0.01413942416604001
-1.9122715024814934,2.7845107560471924
0.24100422207535355,-0.06958254966623441
1.3078015534267808,3.83011157907485
3.198654565789096,-1.9408086521243095
-3.7860764862328233,-0.8981330612786262
-0.6360469410053243,1.4239942338452234
1.7023912992696142,0.014648710757515978
2.3857305179174517,0.7193109853908003
-0.47869624888555756,-0.5339070754505663
0.7827955442410824,3.133798355617308
2.69017553049236,-0.47065400701661564
0.13842572152815488,1.6679353356305215
3.4147328836132136,-2.287626490824365
-5.199229360741319,2.422319795683646
0.7317910469140442,0.3427531585657861
2.0076230501361922,5.6151497699338595
0.3558029885656545,1.342835656808705
-3.194963332617601,1.4456834125152953
-2.318219350975562,2.100556473095753
-1.0010311291061431,0.2411310846454502
2.7548928009419313,1.6005414576356043
0.789031856934568,0.7399370227398263
-2.530259133725115,4.453994931109218
-2.135684294261246,-2.017969095688739
0.6397761621589243,-1.4454623244826181
-0.2809246414765755,-1.5487606574152954
1.7521182486913722,1.6651168091139463
-2.9445096474445167,2.4067817766226813
6.044754198985932,0.6567023391140883
-0.9755068682080771,1.3687405020856407
1.5447176594390901,0.16369478374767887
-0.2065182238634361,3.883662467062264
2.537428264668934,-0.6482454420570015
-1.992602027337359,0.911275782423147
-0.041824941832962405,1.009039065256361
-1.3979098950791415,-1.5395566222176107
0.14747417302994056,0.49935318039540394
1.8093066583801174,-0.11403776058735493
0.2647805939616358,0.601008470684589
2.5536381112896986,1.6115464254421137
-2.1212999990165193,-2.302170874680761
1.0735960175921153,-0.9529133031729217
0.8373738884760674,-0.9646077438827537
-0.039641257632182625,0.28542897093664227
1.5697739888576483,1.348346844491044
-0.5797189904697583,-1.010463676456755
-3.5966159778145324,-2.759846807380175
0.30115497955573367,0.7898703540383143
-2.0636189533858933,-1.326527204439277
-3.449475264859728,0.547240428746236
-2.6704540917691246,0.7633426156371685
-1.0132121274510715,0.9092767455162315
-1.3600627340195477,-5.062288909328952
-3.887110243641644,0.7811282407718901
-1.0772181732556831,2.619527660362774
0.9405477985627553,-0.477588974896062
0.2309442056273542,2.9656209596139442
-5.458043918897278,-3.940051481576447
-1.2476989039352544,1.0804812674269024
-0.8570826201474474,-3.4625191908665753
1.57436879725945,-3.130002853739847
-0.2578987273948193,-0.8795282516047669
-0.17920919032918825,-1.2265353165976705
-0.2450962496977518,0.45575677626782957
0.6305789484411779,-0.8940582743781452
0.15847353037006304,1.9299204737645326
1.7178621778466963,-0.21669624266706464
1.5091057841262288,2.8818985347498645
1.249721266215237,-0.8753433930310062
2.384446427056661,-0.10356333780652194
-0.8673784599410604,-1.0969553734905124
1.321107058423133,3.632241628858892
-1.2352904188793516,0.9356231130494225
-3.5355673656021565,-6.3245595962466945
2.309752238304188,-3.0338384854685048
-3.622790883630882,0.7505900916374676
2.239383672627072,-1.6548200085157783
-0.21703257854011135,-3.5324113254318483
0.9967316978141025,-1.4959157851296785
-4.274506155305254,1.3329815428290825
-1.2193862333731444,-3.8064390542459314
-1.4721609920512073,0.6359512325936119
2.1983391127634815,2.529282010672919
1.1665714714301723,-0.9186391273180784
-1.4321178943586583,-1.005628076383837
2.1680905839431857,0.6789850569576595
0.5887961314071951,-0.0920254881294675
-0.4433726880949136,2.0225604502003267
2.1574391751643223,-0.9038302777417949
1.0356273934542792,0.6788551591431142
2.8395701457650806,-0.264766632916256
0.1236958567559581,-3.2466235362141753
-1.5693397840155703,-2.9180433992602
4.169052229147374,1.0900211155042925
-1.154337826101447,-2.007589348414494
-2.8404969262785325,-0.5935824986311262
1.7046693779164823,0.23868256929373272
-0.4278557191347214,1.4077572205563649
-6.1105276172841325,0.15367496641131165
-0.5727549988594594,1.9385175017188387
-3.1136626264205627,1.380745824561635
-1.5809435319600145,-3.3767668477082453
-2.7584249564033096,-1.8516278535748538
-0.865335598891557,-2.9412818684306035
-1.1780316959992763,-1.4324245869806458
2.155997387209408,1.796732508249973
0.20903663439586345,1.5105277422965422
2.4087087931866127,-1.7813902807954727
-0.49469474635307864,3.9017713021392204
0.11472626602491849,-0.8462882581685365
1.1052440424455403,0.971768537411967
3.071607774808122,0.7979195008028945
-0.11356025910947165,-0.03326315086950815
2.3853013167907715,0.31875761738264413
0.00885447707558614,2.100805573945084
0.06042263065751891,-1.409962966778911
1.1461443424707856,2.4338058713770336
-0.9734202459587117,-1.2363742946360117
0.6653868490390725,1.6900777517964378
-1.0574915667242384,0.9910928051579193
2.3973544925263024,-2.2754607959423985
-0.21632723609290347,0.11894841656932258
1.0073873690688127,-0.12731273764261006
-0.4927865469523719,0.4017741278483633
-1.5479794589860547,-2.072841444604256
1.3387567632555857,3.475379078829671
-0.7116398967898295,-5.041437713390542
-0.2853175775291137,2.763404528735218
1.0200618348990789,0.7997510015284993
1.9039413895207853,-1.3039217945889576
2.952318035415065,-0.058512417780151094
-2.4496487232165345,-3.4063524467529223
-2.1253848170058225,-0.25300928923079097
-3.854734475957503,-1.9323325436570151
0.8011791217546596,3.750875364040341
4.249800635950385,1.6136894378175013
4.0826625029382075,-3.857130894171448
-4.323827200715615,-0.7714180936517218
-0.600383993698355,-1.5758767047486306
2.9329987710425867,-0.1130958510096392
-3.15964113311482,-0.7118933816745474
0.44384114240094513,4.173887570595736
-0.8577436104640037,-1.2141807613438769
-2.083027423983364,-0.5601063546241297
2.2156000201489796,-2.5690737421854384
0.7443777019589749,2.8588491656734445
2.733961119295014,-2.007443690042866
0.5892654134166823,1.308693171765922
1.2782747818616569,0.8392826677911999
2.200587043853504,1.4257591663373745
1.2182597698570574,-0.1751140155231884
-3.3744656092166543,-0.4173924419120105
2.586786461366071,-0.017794488651786792
-1.684566257692589,-0.5376325951362069
-1.1532872825687785,-4.511673783471647
-1.2658099271878775,1.3998919955411129
-0.7533987713198133,0.10365197678097582
1.196694032948483,5.0709841282575
-2.2094256071992704,2.0686981409372605
-1.1364445598473083,1.5377687940897469
-2.206075213409661,0.38476206464586343
1.923927470794151,-1.940021374720829
-1.643793118247551,-1.020156516800884
1.1672418005128218,3.330117903919875
-0.2957811081396813,-0.8549873171019068
0.26228719191838745,0.4906898543077563
0.4337347952023796,3.2326594758770466
-0.4139357167260244,-1.3804290107946835
1.376178895444094,0.8189435705150167
-0.4288332116845485,0.2902297810959489
-3.2625517455976687,-1.7547845691284418
1.8081408757086015,2.802318260383365
0.8058775049262346,-2.655647709702962
-0.5316015032974692,-3.8270664708173565
-2.1031248504122284,2.774002523905022
4.328081488130858,3.193455782006359
1.2477943953441644,-1.56398349946
-3.2953886406758826,4.976195237289104
-1.7998064667948688,2.5126431558244198
0.07751987095254613,-2.4837269142013048
2.9693966577959117,-1.7090928669695449
-1.2312396514116348,-0.04184603777939491
1.1893534316353753,-3.607493610891746
-1.8793606494644604,-0.7636578243411788
1.2184923837578445,1.7798990722296115
-3.6314458818990145,0.44190124008366233
-1.224264056282315,0.18169242796948146
-0.7797506503714731,1.1647243116673696
-1.6139086785384984,1.3960386893757086
-1.5434307206711175,0.350996913466305
-2.1073970439582648,1.6156453161996422
-2.306641965825325,2.5212251876349354
0.25835064151561726,-5.785603156226222
-2.231834794125032,-0.6558984706512448
-1.1343065507976766,-1.186372060960533
-3.583144963034173,-2.6179233081151683
-2.9356886514346514,-2.512772123583506
0.9990410157882221,1.5618132599265055
-0.8223574941451716,-0.8535526975193423
1.9425004957175935,2.3906910744671066
-0.41109196394919045,-0.7386062208718654
0.8351136327270583,-1.729682827444521
-3.3428021122804172,-1.5266411790490864
-1.8136235215607632,-3.1027806461411838
-1.4507191685715037,-0.526027883747193
2.3925944646522064,-1.4842812965618921
-2.888979278016828,0.13677571173218356
1.150152112263579,0.48486271022070776
1.1416465824212656,0.4649749624868764
2.9187895373957953,0.452649270505289
-0.6747936909529452,0.8740186310967933
2.425898314811271,1.362248848583963
-0.10811333338457967,-0.5025303013727804
0.9007407860093923,-6.313544574732383
-2.3743901283087494,2.864933256448383
-0.37765800840098607,-0.9725139432965642
0.3746414620338227,2.0447196697383263
3.1786012189009365,0.791065916545731
1.5288189304467898,0.7629034228716022
-2.8815093604024757,-3.9725303347613714
-0.5678987645316559,2.3778033527819513
3.495405122543831,0.4594014973269972
-0.6259392719434307,-1.2359795933790154
1.823019370554385,1.305274789719697
-0.7923133573800619,-1.5738470988109532
-2.736363197219389,1.5022559763289367
3.1565251891633563,3.5372263160589816
0.36890708027088154,-2.4943681181156565
-1.4369813910501563,2.5983069642368744
0.05459404328416698,1.079876407641851
-0.8857941541374191,-0.6187031887338809
-1.628684213887999,0.7672262756489227
-0.8721553534384597,-1.3094921144015725
-1.0758057427069116,3.0029547713144447
0.10566634284180888,0.12445595154652589
-2.1535119294935092,0.5490513473030414
2.08832798126186,-3.791072372023038
-1.0755912629277948,0.7451486720262879
0.759185796325475,4.841118444971772
1.1384971402550854,1.518849280739974
2.5383537684168616,2.9371084351496566
1.351376678838449,0.9426457166577652
-1.830737493408551,-0.8104035809314293
1.3815165839206678,0.1399189355679939
-2.1278128047988147,2.107196977543065
0.650731322718528,2.000568633096584
-0.10166666646635591,-3.748830748607709
-0.14164463317439155,-0.27077315325310697
-3.150902277759999,2.9197511385127246
1.537493138864113,-2.407575691946204
2.9590591506856394,-2.662044170666503
1.7015441752591356,1.592339915757138
-1.0370756251161874,2.0452626130389504
2.4782678943657945,2.9538789074842335
1.4466008950198705,-5.034790764988657
-5.159631840313,-1.572823705022586
0.5805579531654174,0.16000777894711737
-1.122610566724171,0.44616590324109273
-6.982914409616397,-1.0706564749405523
-4.361021759269783,1.0424410960634647
-0.21374757365944994,0.2028764729796589
-0.9667529566974951,-0.02720141296754788
1.4718710955788548,-0.5438622918266283
-3.073560536773308,-1.6706222100387442
0.26725225619057813,-2.4800570305530605
-2.9014243352028415,1.576719180135984
0.8657975696204822,2.2859834214248
1.5753398348326149,-2.98346081886279
1.844238436318382,-0.4089968461508091
1.7116574987250324,1.0624629929575584
0.07037088580241405,0.42831779481601323
-0.6517188831637502,0.047217759175761535
2.5460913839686414,-1.8923005535815567
-2.4697413367490753,2.1421659710456162
5.090628379605242,0.5608938186958585
3.5979314692732918,1.0244898087809238
-1.9136562898541134,-0.19130855249525458
0.7794844770400632,2.405324638401068
0.31898138950369914,3.314085639189521
0.8785136923899802,-1.3991234667582004
1.9661989019502915,2.775635398595882
-4.545745065296923,1.5436047232076138
2.4557623320433555,0.9160487563577542
-0.752774567289117,-0.6158160071868372
-3.3225005874693325,-0.617686888537553
-0.19445504052834825,3.2453327502815252
-1.508887273681803,1.517220979473137
0.01733005612586451,4.097027793418914
2.2174714570196192,0.06754596928013341
-1.4054286482770513,-0.5771404152270029
1.5431026805141521,-0.9613590851965409
-0.47026742395379756,-2.0109834387403422
-3.0746795602148334,-1.1868892035301422
-1.1785726029589858,0.967866066150621
-2.442407748053289,-0.3258235007046914
-1.0570248123933215,4.577898285977856
-4.117808878061585,-2.1037243945698445
-1.3155185601315202,5.319835901770647
2.9951962179539326,-0.2273066255868788
-5.743763155382506,0.21765073852310252
1.537281918043687,1.662072659029144
-1.6659924795348582,-0.6997597464560701
-3.176096954879104,-2.1517806970251088
-1.1979046835939844,2.0452703738901183
0.2637825400903127,0.5360330343337814
-0.8623227920582646,0.5278190659714278
-0.5672375142071313,-0.27035012282124987
-0.30938169975249596,-0.7772832318781951
-0.2582420817587713,-0.005135811980183934
0.649746710596582,-2.2441723978193804
-0.8146174258139162,-0.4384636939067409
-2.2831526829896047,3.515436189009664
-6.258290895988833,2.1420805062942585
-1.1405407316624605,1.317388421462399
-0.8955027213857949,1.1921053510704192
0.7568707346116605,0.5144418259901601
-1.6278066364323174,0.0017269553345979943
2.267262335532372,1.0069675412930321
-1.2265017064133554,1.9306625686039998
-1.786522907706817,-1.9625829672865431
4.251925520052326,2.050618517725553
-2.195136486342798,0.6408219140291178
0.9204717974460478,-4.718741096457968
1.2283787660405108,1.8035855719897669
2.866846434580976,0.23104203231247267
1.0559073316748142,3.260648115183958
-0.16574680551067514,-0.10551395644930216
-3.745213814613558,-1.3978230819695123
3.3999352394293942,0.411588906106739
-2.085719534648686,-2.5456149393577387
-1.0540348486668207,-1.7812512232259783
-1.0899401085353722,2.9937767970574196
-1.306969920025983,-1.263746474639438
2.2891640986095023,3.1977230610399596
-0.8657991446087422,1.3213471401470855
1.0072917763727367,1.2683012835175689
2.5178467179705786,-1.5826061949935544
3.5051482233534865,-2.0339348929052123
-1.5650210183912774,-0.7628266959595986
2.122508590365488,-0.13085905673261636
-1.1256208460559582,-2.790941914583938
1.8022901506138673,0.42632115627423656
-0.16687019276444354,-1.3667940849742881
-1.9289746647476718,-3.4674617730102164
-0.2231144039379185,0.08718665319882446
1.5424177147536144,-0.4496669298580637
-5.283271391915933,-1.1108371486415352
-0.6864696108802881,-1.6265883930421439
1.8963312171596918,1.6344903206139663
-0.10353805920160196,3.0035136303961596
-0.9775223587821033,-0.9456167878044229
-1.8197969390242787,0.43496215199161004
-1.8363172792620208,0.6586560471788454
-1.157490001966645,0.22670205092188642
1.7249494019724636,2.1739317873376414
2.79245429424896,2.102648069495362
-1.2481874230159868,1.9326815335290914
-1.7383348989010574,-0.6834815275897125
2.513843040326788,2.11109709368585
-3.0838959380286375,3.4827080566665862
-0.06553827029487609,4.415963140558487
1.1733556337774158,0.3344935294000281
-2.404042458471924,2.7790592336840447
-2.6429698608824026,0.8081978526121687
0.3051452600781262,4.245757166850879
0.45922173574840786,1.1038890251924232
-0.9342827094364097,-1.1707062032043902
-1.8035920513565618,-1.857358154347501
1.5924914937664245,-1.6443094611979368
6.762170719750772,-0.819499859462929
1.9979838455668306,1.569226459825359
3.3473537243676206,0.20068720744023177
3.265617085926996,0.6256612743728195
3.9114475906508424,1.6491363793462328
-0.33877183105599834,1.50787788413831
2.3330682911708687,0.06635754936465439
-0.9835170407575454,2.3142478372691477
-1.4060817151552039,0.7419636277212746
1.193788366580009,2.4359018732872846
0.14979241041340569,-1.967822409526728
2.6961711737270093,-1.5959376288938572
-0.8895077348085781,-2.1070229279082073
-4.1307570688135336,1.4512801469036207
-0.29241622302417575,-1.794224245382746
-0.25781494144867795,0.2233707844065568
1.7616624248506887,-2.16006553327459
-0.13510789539050252,2.167787396830789
-0.018295238426962093,-1.9973072938256917
-1.5416046417302316,-1.6913926151702783
-3.1595183548927457,-0.30808877763826603
2.4321777868100876,2.8365040557733288
-2.296945876643814,0.7971940127672379
-0.5709403121737392,1.042500274875017
1.2785953451887218,2.0751127645199396
0.05450807949306752,-1.184611543017589
-3.1726201087671666,1.0320270665241913
-3.1933765216722794,2.3968263095920155
1.2001429111129254,-2.4415100104130265
1.078917547094853,-1.5699344243679518
0.1557602271689605,-2.0350535481504988
-0.5068180344594219,2.432743795243591
-1.8260316009562272,0.539403755923948
0.45383497004651263,-0.47274585187489937
1.342330888621221,-3.218216217776743
-3.039158558111073,-0.26429682437456453
-1.1558157786290815,0.34375549805847017
-1.6732051221984825,0.13852696409134463
4.019690055518296,-0.7382170039781959
-1.8414035653687344,2.170164775740935
-1.5950254424600356,0.5538632114976467
2.092179297757744,1.3353986484801923
2.8096475986472482,-1.7455952016678289
0.5266615187986136,1.1293917687711663
-0.04422666690735953,0.16467833449482974
0.5178361587859694,1.3165987981453002
2.012001754850078,-0.9058976675768475
-3.8524163834858274,2.205291926963741
0.9926442190450492,0.5561504343182965
0.9832631691321742,-0.9979121750403355
-3.999477636904415,-0.4419757390956102
-2.9279341875658127,5.018564903629875
2.344444504580617,-0.6804726116272395
1.7447222087772742,-0.23601555321442222
-0.6676711973314609,-4.013761083526915
1.719948335351371,-0.7724401357103553
-2.974029097926229,-0.2514493011834329
1.173329985911612,-2.2872493358860746
2.692381429933512,0.8288317808217656
-1.6515556616461147,1.147991686527424
0.593996194775693,0.4970574461192164
-0.8303042109073794,-2.9404195983118444
2.128149268784536,0.7373233392973666
-5.070874556293881,-1.1182611612308468
0.5669810026200682,-1.322692068292612
-2.051773575395533,0.04870999812704944
-0.5098366936330996,0.6571638993415232
0.6569484612405505,-0.3715994717795662
1.0913513389451373,-1.45675229740247
1.156559227020443,0.37975053818864596
0.7126714096475693,1.7243655123347346
0.6353402957165801,-1.9174130665060891
2.1128649067533893,-0.2524438297558463
-2.020437881624373,0.5719094480928196
-0.21170994295497284,0.9636120779883878
-1.8870836254673098,1.4738817257755445
-1.0272682547137548,-1.1972599612623682
3.706640055169845,0.2004226114404093
-0.5798371027659387,-2.7689081171076166
0.10791621889244218,0.007084058880867093
-1.853432576709495,-1.5392143945289096
2.280358669839508,-1.1751024106708952
1.918400829329448,1.66813584729836
2.1831216797641373,-0.9841431092461949
2.858428091565726,-3.4504395402301298
1.1544526353067976,-0.17115145453772906
1.6483459816550563,-1.5024152137879299
0.08879572061539748,0.03601811808152875
0.519646127198855,5.2817374850915995
1.943934635442808,0.034573534329070246
0.5936009225578286,-3.397513541120541
1.675195425708494,-0.4975664742128165
-2.5315797971484035,-0.1970257848905678
3.1709363266907573,1.7231630338581008
3.266223016325428,-0.22220908098948686
-3.680534346849543,-0.712309386563491
0.3596925190704862,-1.4007739115556175
-4.251662534510971,0.9451583436960636
-2.2409846516294145,2.7603115119612474
-3.3266648459672035,1.490718413788089
0.003789951677274844,-0.6807902428827313
-2.3851571832897167,-1.087140495188752
1.7858369088533232,2.5943049859656155
-0.8243043439223078,-1.352758748781564
-0.19603877364360647,2.090878397685091
-5.043907378865699,2.6375992973040634
-2.9276581932273604,1.8233922672077316
2.976294326846605,1.8621228052280978
3.1482295099502493,0.004398917484004091
-0.2226629764255269,-4.6666128315325714
0.6244212781768147,-0.37420422548370397
1.491786735955386,0.31200419821105324
0.14203026294785995,-2.2257522803963896
0.12342017502324455,0.9379180074021086
2.2850583566055476,-4.395852812283912
1.2411137673448407,2.8555394501424414
1.0270123951323247,-1.8008056824379182
-1.1488008659517552,1.3326055587505223
-0.9378812206034421,1.585545976322589
-2.1193643811346914,-1.8050382917298518
-0.6672870757864676,-1.8409054206553892
0.1256287708005024,1.7259795438364507
-0.07798830476539355,0.24123162238246718
2.376498218673932,-3.5484468206423845
-2.7364232372661705,2.9019266124508514
3.4091578097657735,-2.845672542793386
1.0280415723217953,3.7934431350845554
1.498200207484888,0.8954252799883182
0.842292017463322,0.24314592291636855
0.21701180531091638,-0.29052672331986934
1.020524818159452,-1.7747270730770826
-0.16023720145524448,-0.45726650776896166
0.9380871793164706,-2.100663455014271
0.11624043398728387,-0.17724336160825402
-1.4167439382593683,-3.2748979448894926
-0.14618297194400143,0.11519370250260826
-0.7260609840209946,-1.50505854757643
-1.3454565593419976,0.6195535471180592
-1.246777211551262,-0.21327620363682273
-1.2439278411997152,2.28341508511446
-4.746470429988309,-1.3630974072795186
-1.3804410278801824,-0.5420690037518174
-3.73968267107517,0.6454230573371484
1.4893823740147996,2.5020850501366194
1.8569701062456239,-0.1255876374395075
1.4497884614507432,1.889128053015577
-3.866410239116304,3.305545598632857
-2.9768576292738063,3.299648040846931
1.727582832395565,1.761409572722095
-1.704194249043531,0.12803943319658972
0.39994801343740155,2.0334722902112765
-4.362591540083929,-2.36002047067561
4.592799700878587,1.7964887993704333
1.3237887347380195,-3.233374598863198
-2.958703595422685,3.0413896118033135
-0.31405818645318095,2.010472050847639
-1.590721866050887,-0.30573388280245295
0.044478912423464224,0.3824730645975399
2.196700531788916,-2.455963711317803
0.9326356152989479,3.815480092756888
-1.889749091243899,0.3085002073972096
-1.8704847672905396,4.776564933913573
0.03276523682127468,-1.22416590661723
-1.8625209178061142,-2.373161335860149
0.3055244137798446,1.795793474212018
-0.8378218580128723,-1.8210697689970958
-0.33038411608903373,-4.283865296898116
-3.323357958339732,-1.8436065025239543
-1.2734647402010832,0.5448409306649525
0.16725063646856214,0.9489262851171432
-3.2211291047216077,3.9229381939060244
0.19471572297324388,1.1778515747523066
2.950734383286574,-4.502446474277696
-1.3769312426647953,1.034143545928141
0.24768500856114986,3.4109384752089724
1.7555280763311303,0.5280240950646464
-0.16330373967478398,0.7720674190952801
-0.460111694866531,-0.6928664804603656
0.005563969255794374,0.5556327828973494
1.14427772337878,0.8407074390719278
-3.1687561512553124,-1.8238733393174331
-2.260043016414279,0.03813233968246549
-0.3771050463293543,-0.35649003354409364
-1.9876547490500036,3.5623673012338832
-1.746056874165831,2.2070817343031766
-0.710321654539974,1.1284622073082897
1.6947715862788826,-3.4632270327986494
-0.014426113912962106,5.21235897529268
0.17995224249755243,0.7465366255480055
0.06184573770399035,2.674155794916201
0.20601344035657543,2.7289192374300466
1.5435800841393144,-4.145524768506219
5.427764741323887,-0.658964508806731
-3.3917192055841903,0.5675754813255746
0.06648020181480033,0.12756793740057715
-1.057292920029197,-1.418739389924158
-2.8623576182015427,1.677109634171344
-1.5608211211990606,1.4063306009172307
-0.5939761145142795,0.1004359607686698
0.3954172204196447,-2.423721465084711
-1.7560563313262638,-0.15699606229534127
0.39583736346359655,-0.5165463329945484
-0.491602997900567,3.241317972515855
1.1546050584150516,-0.0523311593598124
1.3406015833895208,1.8006877164580855
2.5766905493921,-2.571457550499891
-0.1814929821883677,-0.16867964960563506
-1.284817913347757,-3.582487418808414
1.2564803215398497,3.319290409117535
1.683755121665328,0.6002236810110749
-0.06615238738669606,1.520565270163528
0.04462795444247031,0.5292138341968858
2.1395300351197473,-1.5027142271989813
-0.21736616270174824,0.3069586492475419
1.3221230826771315,3.12176093603897
3.873640276835303,0.42578062649822757
1.3534924855124864,-1.9441336201399109
0.8337837009580888,-1.0242954640624222
-1.1037281753639638,1.3847694616917288
-1.1618200380194512,1.0171262887566659
-3.0899957705338803,0.6849761254537814
4.267820706520475,1.611917495839469
-0.19430598684088687,-5.105993445622914
-2.281109916317948,3.6782121856595142
-2.2102357475930208,2.393969769570035
-2.187774778752932,-0.6981005504914608
-1.0464567181634665,2.547019675013071
0.6091274920514789,-2.8580071044360165
2.368379263930408,0.1466845454366003
0.15018639677421688,3.5798864870530878
-2.3645921498602283,1.263700390758356
0.2545788380680234,-3.3335155335162545
-0.4522451241364024,-2.660134583613232
-1.3626326785868856,0.2626036874127173
2.0364112519355273,2.1690273305095404
1.1107156164934906,1.4788269800019866
0.7559464548306478,4.123072794521426
2.050935447043167,-2.04405332960739
-1.4317990062129828,4.832127430621074
2.7266999288480482,6.136695922397327
0.5256365610957963,0.11132613900667325
-0.07833920407359579,-1.275745296499417
2.4796544419034707,3.9245763638503166
2.2594146260796073,2.7636366679019315
1.4151505516318739,1.288775923761074
-4.239349064598887,1.2178563801365454
4.482589984163878,3.1935799367972395
-3.850813109747869,0.9887669134717236
0.8708045870457564,1.9340464076925161
0.5195133680246357,-0.6055577579483443
2.0527686972080947,-2.2743544473652233
0.8208930531028381,4.03259675129117
0.30793823995827396,-2.006842566675495
1.267938490264509,-0.12126396935743329
-0.3658055073535198,-0.4467317481525396
-0.8649380564035081,-1.8349572017545817
-0.2809313849810903,0.690565135895618
-0.5139657821294004,2.5256788774619423
-1.1654569302026716,1.38257236952805
-0.5466437067404504,-2.563454036812471
0.9571153213383691,-1.0100162011300435
0.8065671942133102,-2.123230155923208
1.0849597860077504,-1.7336685247073333
0.8415034080993995,-1.462217673950691
-1.3732153857649672,3.071983887117983
-0.9342504130318863,1.6620349104442904
-3.1939035886761142,1.1067407793522073
-1.562232377375934,-3.53402131532361
-0.8504858693709344,-2.5081539947371305
-3.579805705232844,-1.857052565106028
-0.4925684423509599,1.450198162908789
0.8513523667815849,3.6915525480495885
